Epoch	AverageEpRet	StdEpRet	MaxEpRet	MinEpRet	EpLen	AverageVVals	StdVVals	MaxVVals	MinVVals	TotalEnvInteracts	LossPi	LossV	DeltaLossPi	DeltaLossV	Entropy	KL	ClipFrac	StopIter	Time
0	-171.39227	101.61974	-69.59017	-299.8628	1000.0	-0.02783142	0.014695439	0.008935317	-0.060371265	4000	-1.2403727e-07	404.65097	-0.0012040496	-192.17715	0.9189385	0.0029888682	0.02325	79.0	21.936742782592773
1	-242.81885	118.43376	-87.70405	-415.0414	1000.0	-9.119783	0.049610417	-8.9633045	-9.220533	8000	2.2530555e-08	397.0548	-0.0015105839	-99.709564	0.9382686	0.0018311507	0.015	79.0	27.682607889175415
2	-191.32674	111.28904	-41.62425	-348.53806	1000.0	-15.107702	0.020875083	-15.03662	-15.146671	12000	2.7418137e-09	189.38284	-0.0019492963	-1.1478119	0.9339799	0.0021611727	0.02275	79.0	34.38955283164978
3	-95.97857	60.535267	-30.612518	-192.76743	1000.0	-15.9608555	0.014323549	-15.92428	-15.995094	16000	-7.390976e-09	107.47318	-0.0023769923	-29.65287	0.9456557	0.0012883976	0.0195	79.0	37.38693189620972
4	-250.1324	152.90085	-96.046135	-503.51456	1000.0	-12.398469	0.03642101	-12.309172	-12.467579	20000	6.9141386e-09	419.77032	-0.0019792723	-90.68179	0.9419527	0.002421017	0.02925	79.0	41.5961709022522
5	-210.52394	134.08678	-60.585415	-387.3674	1000.0	-18.352842	0.014380043	-18.31206	-18.374914	24000	2.7894973e-08	208.06683	-0.001474489	-3.7912903	0.9386083	0.0022876814	0.01325	79.0	46.287208795547485
6	-511.1792	466.1057	-47.683796	-1203.1971	1000.0	-19.790182	0.024714887	-19.709606	-19.82556	28000	1.4305114e-08	3512.3887	-0.0016358303	-574.2383	0.9167549	0.0031150838	0.03075	79.0	51.160693883895874
7	-408.89594	390.90842	-160.28372	-1085.4897	1000.0	-31.834328	0.0048372936	-31.8146	-31.841473	32000	7.1525574e-10	1706.4945	-0.002615209	-53.489502	0.945794	0.0042027873	0.022	79.0	58.512194871902466
8	-398.2995	145.36375	-202.59196	-586.0016	1000.0	-35.698364	0.0044211335	-35.68597	-35.70441	36000	6.4074994e-09	444.852	-0.0022648927	-4.918976	0.94541156	0.00295994	0.0265	79.0	62.944063901901245
9	-98.66477	36.266094	-36.308075	-126.367195	1000.0	-36.904404	0.0018105342	-36.897785	-36.90731	40000	1.8537044e-07	737.70575	-0.0051074442	-373.48825	0.94410414	0.004577527	0.0315	79.0	66.73870205879211
10	-156.78294	40.96586	-96.715225	-197.55472	1000.0	-28.093616	0.002650951	-28.086576	-28.098671	44000	2.9325486e-08	212.35307	-0.00055029965	-87.239716	0.96948814	0.0007652438	0.00125	79.0	69.6510078907013
11	-149.26208	105.67032	-57.452785	-323.04553	1000.0	-23.54438	0.0037940515	-23.529957	-23.55046	48000	1.4305114e-08	308.43576	-0.0052627595	-46.32303	0.95946586	0.0033814355	0.027	79.0	72.2273018360138
12	-165.99522	101.95001	-55.09926	-285.88528	1000.0	-20.27934	0.005547202	-20.261372	-20.290897	52000	-3.039837e-08	264.31033	-0.006222304	-13.154251	0.9766046	0.0063458155	0.03925	79.0	74.60122179985046
13	-65.10734	31.100386	-21.24507	-98.46464	1000.0	-18.453909	0.0041467394	-18.442831	-18.46411	56000	-5.1170588e-08	152.34244	-0.0022259776	-76.858795	1.0061381	0.002373287	0.0165	79.0	76.96162390708923
14	-77.6449	17.92086	-55.419903	-97.39633	1000.0	-14.1249	0.0134017775	-14.085698	-14.151674	60000	-3.2901763e-08	87.49767	-0.0018747664	-56.821342	1.0095509	0.003716031	0.01825	79.0	79.51362085342407
15	-98.38031	75.27638	-8.304289	-195.73328	1000.0	-6.6484995	0.12436548	-6.2431817	-7.00075	64000	-7.629395e-09	90.06539	-0.00083852635	-0.7965393	0.9979278	0.005158289	0.01475	79.0	82.33294987678528
16	-41.879616	36.663612	-18.923605	-105.34577	1000.0	-7.5049715	0.04668219	-7.3376026	-7.6107087	68000	-7.3313715e-09	34.27689	-0.0030214745	-15.211971	0.98914737	0.0022822341	0.02075	79.0	89.59476971626282
17	-64.1445	36.753014	-29.313347	-117.28044	1000.0	-3.6239955	0.11004701	-3.279952	-3.9725876	72000	4.529953e-09	30.183807	-0.0011852719	-2.4034767	1.0183324	0.0028443	0.0125	79.0	94.22289896011353
18	-55.275387	14.466105	-40.952072	-78.75691	1000.0	-4.9012384	0.16146488	-4.3017297	-5.3035936	76000	-5.4836273e-09	20.564777	-0.001469137	-1.5916004	1.0195615	0.0013434867	0.00625	79.0	110.81825470924377
19	-53.06147	9.405869	-38.549007	-63.654423	1000.0	-3.7987478	0.09653852	-3.4833486	-4.133671	80000	-3.695488e-09	16.509314	-0.0028189898	-0.020271301	1.0098467	0.0027443373	0.01875	79.0	123.74279880523682
20	-76.8941	34.707302	-38.855865	-120.4799	1000.0	-3.9110696	0.09129723	-3.648302	-4.2827187	84000	-1.8119811e-08	58.06131	-0.0008593165	-0.592083	1.0249585	0.0017079718	0.0045	79.0	128.79233193397522
21	-49.121967	24.003366	-21.769451	-87.570015	1000.0	-4.5351553	0.09559655	-4.2490654	-4.932786	88000	-8.8214875e-09	21.278667	-0.0013539533	-1.1927376	1.0034816	0.003099779	0.015	79.0	142.80779385566711
22	-40.15547	26.78272	-12.648483	-83.35155	1000.0	-3.624167	0.14746813	-3.291248	-4.2456107	92000	1.3113022e-09	18.402458	-0.0052421708	-1.5012932	0.9754103	0.0029405362	0.02175	79.0	151.57764506340027
23	-28.181656	12.076896	-10.395431	-41.777348	1000.0	-2.5035336	0.25056782	-1.5698392	-3.3829114	96000	3.0994416e-09	3.841646	-0.0024183122	-0.09972143	1.0038549	0.0036950454	0.0235	79.0	158.49307084083557
24	-39.809933	21.315641	-16.440111	-68.055626	1000.0	-2.1899526	0.24836361	-1.2603778	-2.8554115	100000	-4.2915342e-09	16.533066	-0.0014826105	-0.68356705	1.016984	0.0031602683	0.01675	79.0	161.8808717727661
25	-44.863342	43.924393	-15.64025	-120.778114	1000.0	-2.305034	0.09301122	-2.0122573	-3.1166792	104000	-8.106232e-09	39.96944	-0.0005339866	-1.3732605	1.0177622	0.002184346	0.01025	79.0	164.7736587524414
26	-48.653847	28.084616	-19.250912	-79.29702	1000.0	-2.3974032	0.18849923	-1.3653662	-3.3512516	108000	2.6464463e-08	20.653059	-0.0020308075	-0.3801384	1.0219393	0.0013250005	0.015	79.0	167.45498394966125
27	-38.08861	3.090272	-34.04398	-41.85104	1000.0	-2.895435	0.13845065	-2.4643958	-3.4493191	112000	-1.26361845e-08	7.8739233	-0.0017276811	-0.38400984	1.0502547	0.005033291	0.041	79.0	170.20858478546143
28	-57.37139	38.00244	-18.746105	-117.98313	1000.0	-2.8213108	0.17717539	-2.0291996	-3.3796067	116000	-1.4901161e-08	27.685236	-0.0012741468	-1.6914825	1.0286236	0.0018003308	0.011	79.0	173.45449590682983
29	-37.19566	10.358992	-19.520176	-45.45061	1000.0	-4.008648	0.057276975	-3.6973498	-4.191875	120000	2.0980835e-08	7.6631904	-0.0034646634	-1.3778191	1.0076445	0.005124406	0.02675	79.0	176.2418417930603
30	-24.902975	15.902411	-9.683069	-51.50129	1000.0	-2.8283393	0.06852635	-2.6446767	-3.1769788	124000	2.5510788e-08	5.7560472	-0.0005066891	-1.0022259	1.0284252	0.017448483	0.2415	3.0	178.5068416595459
31	-24.806154	15.440431	-5.99319	-41.648304	1000.0	-1.874095	0.12370687	-1.1741118	-2.3491423	128000	-2.5868415e-08	7.1319313	-0.0011483504	-0.53105116	1.0294933	0.0038966832	0.01125	79.0	181.18666172027588
32	-47.2523	15.593417	-21.12233	-61.788307	1000.0	-1.4671004	0.054583564	-1.25738	-1.7674423	132000	-1.9550324e-08	18.786448	-0.0017549029	-0.9709797	1.045084	0.005129729	0.01725	79.0	183.67866683006287
33	-55.661217	34.218307	-20.601545	-105.34418	1000.0	-2.3826497	0.07837847	-2.0688376	-2.7313871	136000	7.629395e-09	35.87921	-0.004077481	-0.8314209	1.0353068	0.0027936695	0.01825	79.0	186.23470282554626
34	-43.38595	27.090109	-20.173208	-89.56774	1000.0	-3.0762303	0.052817073	-2.9529111	-3.3587496	140000	-1.0251999e-08	20.781889	-0.0025740606	-0.71372414	1.0642768	0.0029115654	0.02925	79.0	188.6232979297638
35	-40.790634	28.541862	-10.248625	-87.12592	1000.0	-2.6452718	0.1868574	-2.4343946	-3.7943618	144000	-1.9073487e-09	19.220997	-0.0028494487	-1.5189934	1.0728911	0.0038838168	0.028	79.0	191.1374158859253
36	-32.504494	15.824465	-9.542692	-53.200912	1000.0	-2.6057348	0.47589326	-1.5231866	-5.0043306	148000	1.1086464e-08	8.392439	-0.001938835	-0.7465806	1.0997694	0.0037253774	0.036	79.0	200.77844285964966
37	-64.73607	42.99268	-19.268227	-129.98055	1000.0	-2.2552364	0.46351984	-1.9822712	-5.06982	152000	2.1457671e-09	54.849453	-0.0043607545	-7.754055	1.0863286	0.0038086567	0.0375	79.0	207.6060347557068
38	-49.830322	31.258533	-18.089754	-87.34876	1000.0	-3.063439	0.9834217	-0.8002411	-8.058652	156000	-2.503395e-09	38.707462	-0.0008469836	-5.2425575	1.0803297	0.00078876654	0.00225	79.0	211.63189506530762
39	-25.515102	18.522644	-5.9483857	-51.418358	1000.0	-2.405362	0.13959795	-2.2289488	-3.5482485	160000	8.8214875e-09	8.977976	-0.0024689343	-1.6188712	1.0817901	0.0032918898	0.0165	79.0	220.1594488620758
40	-37.166096	22.139664	-20.041931	-75.02549	1000.0	-1.6090193	0.34874296	-1.1156552	-3.3396723	164000	1.3828277e-08	16.704165	-0.0032982454	-1.6494446	1.1053331	0.0024298406	0.01525	79.0	226.38840293884277
41	-41.398476	12.5884	-28.13718	-61.12723	1000.0	-1.9636987	0.21217635	-1.7785378	-2.8818924	168000	2.1457671e-09	12.687151	-0.0024153336	-0.73367786	1.1255629	0.0015955465	0.01575	79.0	231.28970074653625
42	-22.065968	9.042106	-8.822126	-32.85372	1000.0	-2.2288785	0.39516547	-1.9985322	-5.6288705	172000	2.515316e-08	3.2521996	-0.0032723139	-0.623862	1.1061362	0.009708552	0.0735	79.0	253.36536693572998
43	-14.301866	5.97763	-7.0119777	-22.497671	1000.0	-1.5383645	0.3561056	-1.3856672	-5.4648805	176000	-1.1444092e-08	1.3189237	-0.0016873096	-0.19643748	1.0786066	0.004159067	0.02825	79.0	259.07687497138977
44	-19.878933	11.696431	-5.353782	-33.24884	1000.0	-1.1642615	0.24563949	-0.88608664	-2.454302	180000	-1.9073487e-09	3.7612598	-0.002196363	-0.3739345	1.0451611	0.002431095	0.0135	79.0	262.51607489585876
45	-28.058863	19.590149	-4.3078403	-54.440685	1000.0	-1.229448	0.60201585	-0.92824996	-5.0475955	184000	-7.1525574e-10	8.316791	-0.0016335296	-2.394022	1.0696622	0.0056645204	0.056	79.0	265.86326694488525
46	-34.819527	14.96234	-17.489138	-56.733467	1000.0	-1.1640245	1.2699652	-0.17455146	-6.957703	188000	-1.4305115e-09	11.27398	-0.0020602637	-0.8943033	1.0557641	0.0026572559	0.02625	79.0	269.1630346775055
47	-38.501415	22.43449	-3.3110063	-61.767086	1000.0	-1.9572788	1.5446259	-1.1806155	-7.949135	192000	-1.2159347e-08	11.03906	-0.0005896995	-1.6751804	1.0516299	0.0015212964	0.00125	79.0	272.475537776947
48	-23.530003	18.991907	-6.1488214	-55.232567	1000.0	-1.3593504	1.0833062	0.09756374	-9.178781	196000	-1.7881393e-09	8.537532	-0.0002883692	-1.9932656	1.0561342	0.0007596695	0.00075	79.0	277.53991985321045
49	-35.96857	29.825857	-8.462322	-82.71924	1000.0	-0.9807418	0.46937707	-0.62323594	-2.9321904	200000	9.775162e-09	19.571207	-0.0009702278	-1.149746	1.049608	0.0021210492	0.005	79.0	281.7463219165802
50	-23.368364	10.1697035	-8.548899	-35.313953	1000.0	-1.298073	0.5725524	-0.799182	-4.934872	204000	-6.6757204e-09	3.2757437	-0.0030420623	-0.78419733	1.058874	0.001975526	0.019	79.0	285.79372000694275
51	-65.33536	15.382768	-39.269386	-78.42473	1000.0	-1.13797	0.73393	-0.47494316	-3.665026	208000	-2.6226044e-09	39.780624	-0.00084557047	-5.9015045	1.0923634	0.0011199111	0.015	79.0	289.7340967655182
52	-44.957935	42.448692	-8.59532	-115.565384	1000.0	-2.4647412	1.0722982	-1.9159008	-8.379517	212000	1.7642975e-08	35.31279	-0.0061015617	-6.209053	1.0678798	0.0037240204	0.02125	79.0	293.662868976593
53	-24.753834	13.209027	-15.674694	-47.574234	1000.0	-2.0662208	1.5739111	-1.318028	-10.745067	216000	1.4305115e-09	2.8724682	-0.005071468	-1.4516033	1.1014738	0.0040699835	0.0145	79.0	297.439062833786
54	-9.282371	3.7136276	-4.638646	-14.554321	1000.0	-0.8293681	0.25647804	-0.7251214	-3.639405	220000	1.9073487e-09	0.21949585	-0.0022354398	-0.085596025	1.1317424	0.0008596759	0.002	79.0	303.3738498687744
55	-52.481396	24.473965	-29.808838	-91.0099	1000.0	-1.3974402	2.2482028	-0.58820605	-10.742391	224000	7.867813e-09	20.65301	-0.0011499162	-3.4784431	1.1339825	0.0012498788	0.00925	79.0	308.51901388168335
56	-24.764732	13.442925	-10.655169	-42.088306	1000.0	-1.5269516	1.6364783	-0.65893054	-11.964886	228000	-1.07288365e-08	3.5258276	-0.002350453	-0.7769301	1.1547071	0.000963359	0.01975	79.0	311.4468457698822
57	-24.2169	11.612372	-5.836742	-35.789223	1000.0	-1.0668293	0.8681601	-0.59160006	-5.6650896	232000	-1.45435335e-08	3.5264618	-0.002159412	-0.6596248	1.1672518	0.0025006232	0.0625	79.0	314.77197885513306
58	-17.112122	6.6287665	-9.19242	-27.361076	1000.0	-1.2499111	1.2722992	-0.7463989	-11.442928	236000	2.6226044e-09	0.6002281	-0.0036687022	-0.17912066	1.1594038	0.0013908639	0.01075	79.0	324.9600467681885
59	-61.982624	16.086191	-34.214363	-72.69176	1000.0	-1.6725667	2.3159769	-0.6225681	-11.883829	240000	-1.66893e-08	20.799225	-0.001450727	-2.4107723	1.1432276	0.00015886448	0.00375	79.0	331.3715629577637
60	-40.139126	22.254042	-5.9375076	-66.44412	1000.0	-1.9823774	1.7566383	-1.3857819	-13.298096	244000	-3.8146974e-09	7.3647532	-0.0016680986	-0.48166037	1.1353618	0.0013970823	0.0075	79.0	334.69903087615967
61	-18.14117	12.607197	-6.0820403	-38.300056	1000.0	-1.5877309	1.3641487	-1.2687256	-13.016004	248000	1.7404556e-08	0.8140378	-0.0004643402	-0.3232063	1.1269395	0.015861211	0.19075	4.0	337.2117087841034
62	-12.956864	6.0487337	-5.9567738	-21.592178	1000.0	-1.0039105	0.656106	-0.7645278	-4.9631157	252000	1.5735626e-08	0.46133313	-0.0034908974	-0.08282703	1.1263564	0.003956325	0.08825	79.0	340.3799479007721
63	-31.22144	11.342357	-23.112104	-50.63125	1000.0	-1.0047231	1.336838	-0.44390464	-12.363445	256000	-1.6689301e-09	4.528391	-0.0034388043	-0.5020027	1.1047155	0.0056548156	0.06625	79.0	343.37809777259827
64	-18.4736	10.102372	-5.444601	-31.212502	1000.0	-1.1067666	0.8770481	-0.77834046	-6.4905024	260000	-2.3841857e-09	1.3070095	-0.0033912533	-0.1673851	1.0653133	0.0023028518	0.013	79.0	346.4787368774414
65	-50.830864	21.771086	-15.967754	-75.66568	1000.0	-1.3144035	1.2885696	-0.65721095	-5.5741386	264000	-1.9073487e-09	18.996614	-0.0018948009	-2.5952816	1.0659295	0.0011979382	0.00925	79.0	350.87628173828125
66	-33.82482	28.232803	-7.4014907	-75.978935	1000.0	-1.9019493	1.1564287	-1.5632075	-7.546348	268000	-1.6450882e-08	11.488461	-0.00078433414	-1.0392694	1.0855682	0.000124785	0.00225	79.0	359.7327699661255
67	-40.309242	20.279419	-10.610994	-63.016083	1000.0	-1.631221	1.3267629	-1.1346307	-12.075477	272000	-5.00679e-09	8.53531	-0.003140256	-1.8912439	1.0782423	0.006039154	0.04075	79.0	362.6315987110138
68	-13.522466	8.265172	-4.7143908	-22.25975	1000.0	-1.5286889	1.2586539	-1.1474391	-12.147123	276000	-1.692772e-08	0.7563302	-0.0015001141	-0.48972765	1.1057892	0.005177837	0.0215	79.0	365.5290038585663
69	-16.52041	7.6466928	-7.699544	-26.177725	1000.0	-0.9832187	1.0358089	-0.5596668	-7.2959595	280000	6.556511e-09	0.63983554	-0.0017455989	-0.15573129	1.1204376	0.0038369421	0.041	79.0	368.5086929798126
70	-43.643894	33.495354	-9.030768	-88.905396	1000.0	-1.3158271	2.4331641	-0.28634936	-13.068503	284000	1.4305115e-09	12.971631	-0.0019911001	-2.3209972	1.1178237	0.018721042	0.272	3.0	370.81317591667175
71	-43.013245	8.725472	-31.362812	-55.953564	1000.0	-1.9603257	2.3424556	-0.7268281	-15.213701	288000	2.1457671e-09	2.5457292	-0.003231578	-0.33234382	1.1177149	0.006246514	0.04775	79.0	373.62296867370605
72	-16.556074	6.5245233	-12.017247	-27.770405	1000.0	-1.5957161	0.9250557	-1.0005726	-7.954319	292000	5.2452087e-09	0.8624788	-0.0020910609	-0.34569323	1.1211957	0.016176296	0.198	3.0	376.06976675987244
73	-46.12391	30.683735	-13.872353	-96.5657	1000.0	-1.3635625	1.8290093	-0.6756382	-11.097832	296000	5.2452087e-09	17.986834	-0.0035699531	-1.7408981	1.1212465	0.0024377673	0.02025	79.0	382.54225301742554
74	-17.04206	13.234082	-6.7316833	-39.779568	1000.0	-1.6268668	0.9553919	-1.3839055	-8.815668	300000	-6.9141386e-09	1.4510816	-0.0017675038	-0.5267713	1.1522665	0.0037323465	0.01375	79.0	393.0557758808136
75	-13.758011	7.2104535	-7.77885	-25.93835	1000.0	-0.92531776	0.77607507	-0.72180635	-7.2890487	304000	-8.5830685e-09	0.4734153	-0.002064738	-0.12085673	1.1691206	0.0015726194	0.01	79.0	397.333331823349
76	-29.416075	22.113802	-6.2641683	-57.38451	1000.0	-1.0771716	1.6637295	-0.6101549	-14.6675825	308000	-9.059906e-09	3.4631553	-0.0019372614	-0.35895205	1.1832598	0.0023739573	0.016	79.0	400.27822375297546
77	-29.926428	33.18192	-7.832962	-87.12115	1000.0	-1.325896	1.9888573	-0.8257226	-15.598514	312000	-3.218651e-09	6.935947	-0.0004412272	-0.79987955	1.2064991	0.0037720962	0.00925	79.0	402.9967849254608
78	-30.970469	22.643545	-4.9944305	-67.25121	1000.0	-1.2879438	1.8343953	-0.75358593	-13.698202	316000	-8.5830685e-09	5.3913293	-0.0038590708	-0.41636133	1.1999997	0.003045013	0.035	79.0	405.6227078437805
79	-46.65422	23.129131	-8.853154	-68.96268	1000.0	-1.8599318	2.7583425	-1.0143695	-16.470013	320000	-9.775162e-09	7.6426973	-0.0010270497	-0.78530216	1.2250786	0.0012586544	0.00375	79.0	408.307785987854
80	-38.59661	17.311731	-21.660158	-67.421234	1000.0	-2.0002935	2.331358	-1.1794763	-17.73234	324000	-4.529953e-09	2.8141317	-0.0014707171	-0.64800715	1.2420961	0.002006832	0.0095	79.0	410.9620578289032
81	-23.211473	14.232646	-5.1718946	-40.577427	1000.0	-1.6235281	1.638399	-0.94328046	-17.141266	328000	1.0967255e-08	0.94502854	-0.001324069	-0.21864909	1.2513477	0.0045442106	0.03325	79.0	413.7925570011139
82	-23.957266	20.055635	-10.351102	-58.62181	1000.0	-1.222625	1.2302891	-0.66549873	-10.110249	332000	7.7486035e-09	2.5668926	-0.0014496376	-0.27419257	1.2294579	0.0062317695	0.06025	79.0	416.4288077354431
83	-12.068121	4.4362583	-7.635919	-18.38185	1000.0	-1.352291	0.9471012	-1.1147313	-10.48119	336000	2.7269125e-09	0.47914496	-0.0041901832	-0.35668576	1.2147589	0.0018044781	0.016	79.0	418.98645877838135
84	-25.634048	12.894607	-10.55458	-41.513115	1000.0	-1.1142156	2.0029569	-0.5282843	-15.869381	340000	-8.106232e-09	1.0265213	-0.0019658322	-0.060685158	1.2163354	0.0012240331	0.00875	79.0	421.57945489883423
85	-35.543472	10.673596	-18.092138	-46.810276	1000.0	-1.2836598	2.180561	-0.66438526	-17.82621	344000	-1.1920929e-08	1.9673307	-0.0016867946	-0.13704729	1.1823348	0.0022068766	0.0245	79.0	425.30442690849304
86	-21.597223	18.174318	-4.147395	-49.07277	1000.0	-1.1062568	1.784362	-0.7261401	-16.725319	348000	-1.8000602e-08	1.6950716	-0.0014304987	-0.124031305	1.1695929	0.00027556933	0.0045	79.0	435.21993589401245
87	-34.32991	25.048512	-11.614695	-73.966095	1000.0	-1.3208586	2.0886192	-0.7169568	-11.645409	352000	5.00679e-09	7.0812373	-0.0028630218	-0.70487833	1.1474484	0.004091976	0.02875	79.0	449.17879605293274
88	-30.445463	5.358991	-22.317858	-37.171177	1000.0	-1.6280739	2.3613381	-0.9172122	-12.727762	356000	-5.722046e-09	0.69784874	-0.0014857383	-0.20497984	1.142023	0.0041160155	0.01525	79.0	459.54377698898315
89	-25.274046	17.828115	-7.684798	-49.13609	1000.0	-1.1605415	2.054711	-0.66406596	-13.876609	360000	-1.1205673e-08	1.2387363	-0.0012744721	-0.17282116	1.1413192	0.0023862983	0.01375	79.0	463.1411657333374
90	-24.23341	12.883393	-8.390697	-42.399994	1000.0	-1.2645967	1.9017715	-0.79776347	-13.191128	364000	9.536743e-09	0.7300748	-0.0014076157	-0.127415	1.1256123	0.01622371	0.21375	3.0	465.9268307685852
91	-16.274878	5.808408	-10.546251	-23.669777	1000.0	-1.0211846	1.1548009	-0.5772106	-11.383779	368000	-2.0980835e-08	0.40000185	-0.007755448	-0.29829144	1.1253395	0.019368794	0.25275	2.0	468.5934257507324
92	-46.044586	27.14074	-7.7130747	-79.84499	1000.0	-1.5339557	2.3558366	-0.83575803	-13.280185	372000	-1.9788741e-08	9.907794	-0.0035025997	-1.6133442	1.1252375	0.0015952311	0.021	79.0	471.778915643692
93	-45.7646	18.62091	-14.064382	-61.740135	1000.0	-1.7438219	2.4851892	-1.1167911	-16.898724	376000	1.7642975e-08	4.88248	-0.004217242	-2.6787968	1.1536425	0.002951558	0.017	79.0	480.97326469421387
94	-23.122879	8.033376	-12.762303	-34.13032	1000.0	-1.458626	2.1346786	-0.913903	-18.527931	380000	7.629395e-09	0.24847972	-0.0013117362	-0.18870935	1.1895534	0.0010009177	0.00525	79.0	486.2666747570038
95	-46.485718	24.6374	-5.633237	-71.691895	1000.0	-1.4425659	3.4144933	-0.56277186	-19.351162	384000	-2.861023e-09	3.886994	-0.0027069247	-1.2585843	1.1901768	0.0043885843	0.02675	79.0	489.86071491241455
96	-21.60214	14.807828	-4.2846627	-39.09456	1000.0	-1.1871524	2.103697	-0.74820745	-21.39888	388000	-1.1920929e-09	0.16666548	-0.0026505396	-0.060053512	1.2010164	0.0037790814	0.01275	79.0	492.83591079711914
97	-47.427334	12.762481	-35.314453	-68.38764	1000.0	-1.6714461	3.5438735	-0.5791732	-21.50178	392000	-5.722046e-09	3.1177816	-0.0005389991	-0.52838755	1.1980858	0.0037677973	0.01275	79.0	495.76565289497375
98	-16.419083	10.6883955	-5.7105513	-32.429752	1000.0	-1.4653617	1.5788604	-1.113986	-14.149671	396000	9.536743e-09	0.34106404	-0.0046368437	-0.20744911	1.184297	0.007345616	0.03825	79.0	498.8581268787384
99	-42.33391	28.357353	-13.710746	-84.589714	1000.0	-1.470603	3.0268495	-0.6706617	-22.008526	400000	1.525879e-08	4.81021	-0.0015635702	-0.8588581	1.1817999	0.0013375562	0.03825	79.0	501.6160817146301
100	-36.92616	18.935102	-6.7448063	-55.98871	1000.0	-1.9172357	3.8945637	-0.9411591	-23.9856	404000	3.5762786e-09	0.73775464	-0.0023534705	-0.40490174	1.1863251	0.0019027324	0.00775	79.0	504.38324785232544
101	-25.604351	18.261478	-8.602817	-53.1032	1000.0	-1.2171237	2.2362363	-0.6915289	-15.044368	408000	1.37090685e-08	1.1706926	-0.0018074166	-0.10427022	1.1706717	0.00097564055	0.00625	79.0	507.4752597808838
102	-13.480467	4.1306973	-8.299498	-17.997677	1000.0	-0.8661183	0.8467596	-0.6754733	-9.963825	412000	4.529953e-09	0.07051112	-0.0029650843	-0.05873	1.1879511	0.0041746655	0.02075	79.0	510.24480676651
103	-14.754116	6.028519	-4.683664	-19.92796	1000.0	-0.73961663	1.1663034	-0.46954045	-11.18235	416000	8.3446505e-10	0.020572959	-0.006393383	-0.0064014606	1.1601831	0.0030716895	0.04125	79.0	512.8917639255524
104	-18.21322	9.437848	-8.043664	-30.395878	1000.0	-0.8009838	1.7322737	-0.43077812	-20.291292	420000	6.556511e-09	0.026759336	-0.0020970786	-0.015956074	1.1027681	0.002815572	0.01875	79.0	516.2578518390656
105	-14.980308	9.677976	-6.025218	-30.329609	1000.0	-0.62149477	1.197372	-0.38759273	-14.982269	424000	1.6212464e-08	0.096056655	-0.0038902499	-0.03483768	1.0768423	0.010043225	0.09375	79.0	522.2768878936768
106	-42.606922	9.546274	-26.307375	-49.989235	1000.0	-1.3864598	3.5470068	-0.45576584	-24.19903	428000	8.106232e-09	1.1926624	-0.0013382958	-0.100214124	1.0533427	0.0031533774	0.01925	79.0	532.1462547779083
107	-32.220406	19.551722	-12.20405	-62.615723	1000.0	-1.3264326	3.0429347	-0.591619	-24.73955	432000	-4.768372e-10	0.8898703	-0.0013863865	-0.23087806	1.0622157	0.0023032224	0.0205	79.0	535.8893539905548
108	-25.735836	13.393827	-3.0077972	-37.132763	1000.0	-1.1572807	2.6696718	-0.57382	-24.421854	436000	7.629395e-09	0.3102851	-0.0031136104	-0.14801787	1.0686357	0.0010189045	0.004	79.0	538.8214209079742
109	-18.474884	16.545916	-4.7996473	-46.773827	1000.0	-0.8554388	2.1691291	-0.4717543	-25.022642	440000	6.198883e-09	0.07993021	-0.0038379196	-0.028134365	1.0635834	0.0030277043	0.0445	79.0	541.5822169780731
110	-18.971287	5.7039056	-9.769327	-23.873623	1000.0	-0.77292895	1.7833008	-0.3766533	-18.277302	444000	-1.5974045e-08	0.103269055	-0.0017472383	-0.07348293	1.0510597	0.01828369	0.29475	2.0	544.0522558689117
111	-12.856591	12.647629	-4.379825	-34.726734	1000.0	-0.6179491	1.5512806	-0.3841913	-22.12925	448000	1.8000602e-08	0.028311992	-0.005504016	-0.013048618	1.0507051	0.008245685	0.08925	79.0	554.3927628993988
112	-26.196714	14.959208	-5.213827	-45.804478	1000.0	-1.0288396	2.7360299	-0.4008794	-24.736286	452000	6.6757204e-09	0.13341735	-0.001035526	-0.044620864	1.0397843	0.0011024806	0.00725	79.0	574.0169847011566
113	-36.335796	4.7626233	-28.862846	-42.028202	1000.0	-1.1188136	2.7036622	-0.42823905	-23.773726	456000	9.298325e-09	0.60410124	-0.007717908	-0.253094	1.0216962	0.003753088	0.0385	79.0	584.3244957923889
114	-15.78777	9.651296	-8.203174	-32.126392	1000.0	-0.86227185	2.0263655	-0.43679005	-24.687086	460000	1.3351441e-08	0.24084577	-0.0021736769	-0.21778163	1.0677775	0.0025967062	0.013	79.0	590.1125349998474
115	-8.60997	3.7569876	-4.5675874	-14.043994	1000.0	-0.47785023	0.69364685	-0.33743376	-9.919193	464000	-1.847744e-08	0.028093167	-0.002921083	-0.0068500787	1.0453111	0.0017523868	0.02225	79.0	595.0139648914337
116	-15.422863	8.659815	-3.2373786	-27.491426	1000.0	-0.6226461	1.612181	-0.26674694	-17.069292	468000	7.95722e-09	0.14260462	-0.0012754884	-0.13284734	1.0003424	0.0012146612	0.003	79.0	598.7645099163055
117	-20.983229	14.359516	-6.6189723	-35.55841	1000.0	-0.6474394	1.7457638	-0.2890211	-15.903049	472000	1.7166137e-08	0.41466662	-0.002439347	-0.1958081	0.9734937	0.0006447562	0.0075	79.0	601.6922888755798
118	-19.072636	7.9114122	-10.467063	-31.53756	1000.0	-0.7920115	1.8960093	-0.3659765	-16.345255	476000	-9.536743e-09	0.06912729	-0.0044988366	-0.031001333	0.96635437	0.0012225203	0.007	79.0	604.9519810676575
119	-22.558723	13.514389	-3.9687831	-40.497242	1000.0	-0.8923983	2.5237153	-0.34667698	-24.021778	480000	-7.033348e-09	0.059399135	-0.0038616685	-0.033667818	0.95037	0.0069219717	0.0485	79.0	607.8619067668915
120	-20.90831	13.935424	-3.226823	-36.0975	1000.0	-0.78267556	1.7763582	-0.3950599	-16.381933	484000	4.7683715e-09	0.31815496	-0.0012676124	-0.14510635	0.93692034	0.0031510363	0.0285	79.0	611.2505316734314
121	-25.779352	19.060644	-3.0349119	-46.257587	1000.0	-0.84557545	2.56542	-0.34452242	-24.762573	488000	2.3841857e-09	0.23261493	-0.00085983396	-0.12835085	0.926918	0.0002631924	0.0025	79.0	614.2294118404388
122	-28.199274	17.094408	-9.278682	-50.34905	1000.0	-1.042459	3.141225	-0.357025	-25.670628	492000	-2.1457671e-09	0.14639752	-0.0019967046	-0.051844202	0.91099846	0.0007132225	0.0085	79.0	617.348653793335
123	-34.674538	19.09566	-15.399409	-60.89184	1000.0	-1.0990459	2.967093	-0.3770312	-25.434338	496000	1.013279e-08	2.2438815	-0.005804711	-0.35013688	0.8957662	0.0087656975	0.06425	79.0	620.1130418777466
124	-9.43572	3.4853594	-6.228651	-14.762849	1000.0	-0.65958303	0.7918455	-0.5089475	-10.824696	500000	-5.841255e-09	0.09599691	-0.0029797857	-0.052322015	0.92649174	0.0017623516	0.00925	79.0	622.7059979438782
125	-13.915655	13.032807	-2.4744318	-35.43865	1000.0	-0.56277215	1.5482053	-0.31078467	-17.8923	504000	-3.0994416e-09	0.10304408	-0.0021934947	-0.012336709	0.9000597	0.00091108214	0.00875	79.0	625.764034986496
126	-18.734741	21.451097	-3.4373457	-55.32519	1000.0	-0.6046344	1.9613968	-0.26818502	-18.01817	508000	4.529953e-09	1.1462675	-0.004142394	-0.16165602	0.902796	0.017128099	0.25975	2.0	628.4711821079254
127	-19.13379	8.360609	-10.152747	-32.81934	1000.0	-0.65057576	1.3443941	-0.37591127	-13.667045	512000	-2.002716e-08	0.4405052	-0.0026418734	-0.40589637	0.90290344	0.0051488588	0.0305	79.0	631.2976839542389
128	-29.734978	24.848436	-4.9230704	-61.99665	1000.0	-1.0781745	2.79454	-0.5233866	-25.516468	516000	5.4836273e-09	0.86730295	-0.006080612	-0.4532966	0.89371294	0.004450418	0.0525	79.0	633.904730796814
129	-24.708735	9.698262	-10.761278	-35.607613	1000.0	-1.1438291	2.4929426	-0.5123507	-18.320766	520000	-7.152557e-09	0.12852123	-0.0033366522	-0.07572697	0.8669308	0.0035196843	0.0165	79.0	636.5519008636475
130	-19.5418	18.798183	-5.3801327	-51.802944	1000.0	-0.72382444	1.9305876	-0.3447727	-18.898497	524000	-5.00679e-09	0.7346197	-0.0011489542	-0.1068539	0.8760023	0.0030159678	0.0135	79.0	639.1585178375244
131	-14.05391	7.989608	-5.3000727	-24.548853	1000.0	-0.6384752	1.5957371	-0.327977	-15.87776	528000	1.3560056e-09	0.07649334	-0.00025651438	-0.05761401	0.88475335	0.017549716	0.17375	5.0	641.430743932724
132	-24.977345	27.707533	-4.1315937	-72.65728	1000.0	-0.7606115	2.2180624	-0.30315307	-19.594687	532000	2.3841857e-09	3.2897024	-0.0015168195	-0.6382885	0.88477504	0.0021046172	0.013	79.0	643.8720247745514
133	-29.640594	9.631513	-18.302107	-42.889973	1000.0	-1.073736	2.5755935	-0.4804011	-21.394	536000	-5.722046e-09	0.2387529	-0.003911171	-0.10314356	0.901107	0.0033014435	0.01575	79.0	646.4834327697754
134	-7.176659	2.288589	-3.9935708	-10.352208	1000.0	-0.433011	0.51541513	-0.27439693	-7.1861157	540000	8.225441e-09	0.013416299	0.0027158116	-0.008575629	0.90712446	0.023410037	0.3135	2.0	648.6432566642761
135	-33.844986	7.454875	-23.237373	-43.402477	1000.0	-0.94668555	3.0565221	-0.22628921	-25.183636	544000	-3.0398368e-09	0.22325577	-0.0024461967	-0.11592865	0.90709096	0.0010136872	0.01475	79.0	651.2947347164154
136	-27.08526	9.880716	-13.94016	-40.97651	1000.0	-1.02854	2.4019184	-0.49191323	-21.8146	548000	1.4066696e-08	0.19319962	-0.0015809815	-0.112820506	0.8937274	0.0016529838	0.0055	79.0	654.2573688030243
137	-20.757744	21.737558	-5.325151	-58.251377	1000.0	-0.79362345	2.2062645	-0.4448653	-26.52234	552000	-1.001358e-08	0.60212094	-0.0011951432	-0.3401596	0.9131499	0.015969593	0.2325	4.0	658.6447060108185
138	-9.532792	7.3228784	-2.23855	-21.016678	1000.0	-0.5549854	1.1150751	-0.37993777	-15.773799	556000	-8.46386e-09	0.046247195	-0.0022461324	-0.03832701	0.9141485	0.0035849873	0.03325	79.0	666.8368539810181
139	-13.901612	16.576113	-4.037983	-42.608326	1000.0	-0.5912005	2.3761263	-0.26997203	-28.205381	560000	4.2915342e-09	0.11185198	-0.0026031968	-0.10221012	0.88393664	0.0060013896	0.0395	79.0	673.6369137763977
140	-31.127096	13.825699	-12.10643	-50.210934	1000.0	-0.8807102	2.8432972	-0.24058849	-28.037523	564000	-2.861023e-09	0.19578585	-0.001385915	-0.13634808	0.85249513	0.02517536	0.40225	2.0	678.003654718399
141	-39.852345	20.840048	-5.456275	-60.430122	1000.0	-1.0726165	3.682907	-0.27148834	-28.861141	568000	9.536744e-10	1.288396	0.0014078035	-0.35129517	0.85190487	0.020444728	0.2525	6.0	685.1950159072876
142	-22.786987	12.687176	-5.8653593	-35.212418	1000.0	-1.157961	2.7435713	-0.58405817	-22.698994	572000	-7.748604e-10	0.29687235	-0.0036290265	-0.27779096	0.8504859	0.00554213	0.02925	79.0	691.2724478244781
143	-19.58754	14.409242	-4.599699	-42.817123	1000.0	-0.67208767	2.039242	-0.22969463	-22.622726	576000	-9.536743e-09	0.12567668	-0.0013592091	-0.043631688	0.835799	0.006486509	0.035	79.0	701.5114448070526
144	-18.832527	10.249032	-6.564043	-30.266325	1000.0	-0.6942133	2.424891	-0.22849753	-25.143522	580000	-9.775162e-09	0.29395252	-0.0015339265	-0.2871461	0.8414154	0.015457744	0.2245	2.0	714.15966796875
145	-21.13057	18.610708	-4.226908	-49.055874	1000.0	-0.6682681	2.4119616	-0.23960546	-22.572231	584000	-7.390976e-09	0.19987968	-0.0008644936	-0.057628557	0.84138674	0.021016411	0.2945	4.0	721.3987519741058
146	-17.814096	20.103949	-1.8274834	-52.21167	1000.0	-0.72377586	2.0187664	-0.41918004	-27.964693	588000	-2.384186e-10	0.4092835	-0.0012445376	-0.3341189	0.8410272	0.015155521	0.28025	3.0	725.677072763443
147	-20.674305	9.547745	-7.2446237	-33.824184	1000.0	-0.7492671	2.2215872	-0.27493963	-26.220446	592000	-3.8146974e-09	0.19659919	0.0024307908	-0.17879522	0.84056944	0.029129807	0.4475	3.0	728.4738569259644
148	-24.876335	13.950103	-11.757712	-45.861465	1000.0	-0.93447447	2.969913	-0.3178751	-29.160635	596000	4.2915342e-09	0.1524995	0.0023659887	-0.13011853	0.84005165	0.018990887	0.31	2.0	731.1133978366852
149	-16.589981	18.055267	-4.514932	-47.807823	1000.0	-0.5523362	1.8914249	-0.27574304	-23.14471	600000	7.152557e-09	0.2709467	-0.004345555	-0.078951046	0.8397275	0.0009819452	0.018	79.0	734.0226738452911
150	-19.126938	14.488914	-4.7118545	-38.82154	1000.0	-0.673696	2.3625302	-0.25762758	-25.691496	604000	4.5895576e-09	0.0345979	-0.00055001874	-0.02798307	0.8409854	0.0010630635	0.0035	79.0	737.2385447025299
151	-21.237396	11.957627	-4.878502	-35.558613	1000.0	-0.69633156	2.2174098	-0.23666543	-23.088203	608000	7.1525574e-10	0.035149805	0.00066511	-0.023153927	0.85184574	0.021708358	0.3535	2.0	739.6497337818146
152	-37.59662	15.108637	-17.329388	-59.43723	1000.0	-0.9291842	3.2380729	-0.20816526	-29.239992	612000	7.629395e-09	0.50698954	-0.0017548085	-0.32087326	0.8519965	0.0018961773	0.0115	79.0	742.2574248313904
153	-20.893185	11.933325	-2.772583	-33.79322	1000.0	-0.7528202	2.381565	-0.2678963	-22.146662	616000	-3.8146974e-09	0.08241414	-0.0036135246	-0.0694331	0.87628466	0.0017652571	0.0115	79.0	745.0644247531891
154	-29.58044	18.74234	-6.383013	-49.719543	1000.0	-0.9175223	2.8221202	-0.341399	-23.557373	620000	-5.2452087e-09	0.39392164	-0.003587291	-0.12210339	0.854046	0.0015822772	0.02575	79.0	747.7110409736633
155	-25.115145	15.137931	-2.484026	-41.179893	1000.0	-0.9177521	2.9261265	-0.36230206	-30.661394	624000	4.529953e-09	0.095607184	-0.0009327245	-0.089142576	0.8633339	0.0005678469	0.004	79.0	750.4855117797852
156	-7.190964	6.2466617	-3.013394	-17.990389	1000.0	-0.3672027	0.7957806	-0.25375563	-11.324037	628000	5.3644182e-09	0.008280709	-0.0028635855	-0.005194999	0.85034955	0.002456608	0.0145	79.0	758.2236669063568
157	-20.487453	20.60353	-1.8059072	-55.297813	1000.0	-0.6470679	2.744296	-0.19168413	-31.00081	632000	-2.384186e-10	0.12400139	-0.0017240293	-0.067730956	0.8199825	0.005295276	0.027	79.0	764.0356569290161
158	-20.376657	10.151889	-6.943126	-34.09553	1000.0	-0.72509426	2.4123702	-0.24685979	-28.781761	636000	9.298325e-09	0.1479997	-0.00269499	-0.14290036	0.807809	0.0015187382	0.026	79.0	768.672260761261
159	-14.851756	7.8150644	-1.9658542	-22.414726	1000.0	-0.5759488	1.5448991	-0.26139557	-13.57678	640000	-6.0796737e-09	0.0071260366	-0.005989045	-0.004249554	0.78328264	0.004002207	0.02275	79.0	772.0463259220123
160	-34.158264	18.483358	-6.994129	-56.83695	1000.0	-0.99132645	3.5676374	-0.21718454	-24.377735	644000	-7.390976e-09	0.701583	-0.0026581201	-0.28120166	0.7486628	0.002961644	0.02125	79.0	775.1814110279083
161	-18.090933	14.053273	-4.7122397	-39.142326	1000.0	-0.68361974	2.0225594	-0.34752184	-25.251627	648000	-2.193451e-08	0.027435545	0.0021124668	-0.014400878	0.76541895	0.024706272	0.30875	2.0	777.8427219390869
162	-20.83935	14.3709545	-2.6929064	-41.706593	1000.0	-0.5947281	1.9227338	-0.23996264	-24.251245	652000	2.1457671e-09	0.15085116	-0.0018559057	-0.13562456	0.7657739	0.003504499	0.01675	79.0	780.6052567958832
163	-13.146468	13.156483	-3.4757602	-35.78475	1000.0	-0.57550925	1.8485326	-0.3133623	-26.46282	656000	-1.4066696e-08	0.05980706	-0.0014644774	-0.045910317	0.7856749	0.0025114475	0.01425	79.0	787.7983138561249
164	-23.190084	13.008903	-3.289203	-39.77864	1000.0	-0.74415004	2.4269843	-0.23765743	-24.72065	660000	5.2452087e-09	0.032472745	-0.0032610914	-0.020893559	0.77357715	0.006454022	0.023	79.0	795.2505829334259
165	-36.964077	8.464165	-27.550919	-50.69366	1000.0	-1.0409131	3.280948	-0.27954412	-25.699266	664000	-9.536744e-10	0.147796	-0.00074295665	-0.03229922	0.77286434	0.02093934	0.3275	3.0	798.2466039657593
166	-18.387798	14.810437	-6.008352	-43.401585	1000.0	-0.72098255	2.111438	-0.36219853	-29.476667	668000	6.6757204e-09	0.020347174	-0.004407196	-0.0145519925	0.77297324	0.0029352817	0.04425	79.0	801.3820557594299
167	-14.422698	2.6078236	-11.596648	-18.37482	1000.0	-0.55440503	1.2364067	-0.25849813	-10.381608	672000	-1.3351441e-08	0.008424057	-0.0020982765	-0.0039035045	0.74789906	0.0008021187	0.0035	79.0	804.1104147434235
168	-11.076332	8.929531	-2.395692	-25.246897	1000.0	-0.4544887	1.3029221	-0.23969305	-18.533588	676000	1.1920929e-09	0.011280078	-0.0020266993	-0.0059000626	0.7399836	0.0013276191	0.00275	79.0	806.8625907897949
169	-17.741844	13.590258	-2.3090632	-39.394478	1000.0	-0.6028602	2.0401235	-0.226821	-25.379366	680000	1.7642975e-08	0.020082112	0.0049127797	-0.0039021429	0.7221459	0.026468776	0.3455	2.0	809.2050139904022
170	-17.68826	13.439302	-2.60198	-38.130997	1000.0	-0.5875449	1.9962226	-0.2334171	-28.083677	684000	-4.768372e-10	0.016073126	0.0030489154	-0.0043341992	0.7217504	0.018394347	0.25	3.0	811.5392048358917
171	-23.138258	12.114268	-3.9060726	-35.337196	1000.0	-0.71732146	2.3399448	-0.25783616	-24.502872	688000	-5.722046e-09	0.008762681	-0.002051051	-0.0023051584	0.7211739	0.00030339946	0.01275	79.0	814.2499237060547
172	-13.805869	10.398021	-1.1324261	-27.198193	1000.0	-0.53320336	1.6141745	-0.23894525	-20.411024	692000	-1.0311603e-08	0.012139992	-0.005919517	-0.00662009	0.68592036	0.0035047722	0.021	79.0	817.016851902008
173	-16.97642	13.112318	-4.2832155	-36.250275	1000.0	-0.5510289	1.9871165	-0.19065803	-24.456669	696000	7.390976e-09	0.017327107	-0.0010275015	-0.005993006	0.6484422	0.001025479	0.00425	79.0	819.8433248996735
174	-23.866852	15.852441	-7.7356534	-44.26711	1000.0	-0.7278836	2.6626382	-0.20623124	-29.919285	700000	3.5762786e-09	0.016101899	-0.0008926444	-0.007399654	0.65189934	0.00485961	0.02025	79.0	822.6025049686432
175	-36.854637	14.131594	-18.124424	-57.288322	1000.0	-1.0496504	3.5777218	-0.23145294	-31.138872	704000	-8.34465e-09	0.14518104	-0.0048650014	-0.07497387	0.6390242	0.009655747	0.088	79.0	825.6521608829498
176	-15.322826	6.986767	-4.029147	-23.099632	1000.0	-0.6327115	1.4617153	-0.32296187	-13.916831	708000	-9.536743e-09	0.024523497	-0.0040740827	-0.02103167	0.6396504	0.004337308	0.04325	79.0	836.5363638401031
177	-26.517042	14.563367	-11.211013	-48.94292	1000.0	-0.76673853	2.6292655	-0.20951438	-25.91486	712000	-5.1259996e-09	0.12675563	-0.0049336473	-0.04372611	0.6347837	0.0041814637	0.02075	79.0	841.3488738536835
178	-8.739712	7.115475	-3.777795	-20.970144	1000.0	-0.40565634	0.8645491	-0.2523365	-10.469348	716000	7.390976e-09	0.04773054	-0.0029370543	-0.044393193	0.6434497	0.0010807222	0.0225	79.0	844.5941047668457
179	-10.225868	14.268035	-1.2568328	-34.926018	1000.0	-0.39487725	1.7871405	-0.16765827	-26.227167	720000	6.437302e-09	0.0354478	-0.0011399075	-0.025655853	0.65545994	-0.00055704545	0.00625	79.0	847.9696588516235
180	-16.119621	14.365183	-2.7293947	-39.643597	1000.0	-0.55896693	2.0980213	-0.16812271	-26.894045	724000	-5.00679e-09	0.020174539	-0.0025366917	-0.009214078	0.6658183	0.003230089	0.0175	79.0	851.1273987293243
181	-18.343216	14.214116	-1.2018777	-38.996025	1000.0	-0.6245087	2.1565478	-0.2219069	-24.472445	728000	-8.5830685e-09	0.017845128	-0.0029374876	-0.0038034096	0.63545483	0.0021362402	0.02175	79.0	854.067214012146
182	-27.837326	20.636772	-1.6948102	-57.207645	1000.0	-0.83029634	3.106536	-0.2201876	-32.961285	732000	-1.1920929e-08	0.093447834	-0.0038290794	-0.05128114	0.5971021	0.0063870978	0.03725	79.0	856.89111495018
183	-16.533398	15.480595	-2.277908	-42.690174	1000.0	-0.59100133	2.0265908	-0.23517942	-26.381424	736000	2.861023e-09	0.036431726	-0.0020885882	-0.014080303	0.5937497	0.0014054899	0.00325	79.0	864.267814874649
184	-16.554047	15.873418	-1.8774089	-42.951965	1000.0	-0.5648763	2.2138581	-0.19418013	-26.575861	740000	-1.3351441e-08	0.02508852	-0.0025745893	-0.0066939928	0.59294426	0.00038870267	0.003	79.0	870.5623798370361
185	-13.378458	12.562527	-2.3017025	-34.201855	1000.0	-0.4527546	1.6083623	-0.18978828	-24.290411	744000	-9.059906e-09	0.009545568	0.0009941936	-0.005537245	0.57501554	0.01610786	0.246	2.0	873.2992670536041
186	-17.968754	14.956172	-3.362805	-38.72993	1000.0	-0.5285917	2.16699	-0.1603744	-27.532045	748000	-2.0205974e-08	0.03003437	-0.001677803	-0.019314557	0.57447416	0.0026748364	0.03175	79.0	876.0409698486328
187	-26.605993	18.626945	-1.9767582	-47.721733	1000.0	-0.8122541	3.1382449	-0.21161288	-32.632553	752000	4.887581e-09	0.14666301	-0.0029908523	-0.090010375	0.56872416	0.00070680643	0.008	79.0	878.9004628658295
188	-29.659956	19.574356	-2.5811386	-49.55022	1000.0	-0.8913339	3.2171578	-0.2572428	-31.818699	756000	1.3828277e-08	0.08037769	-0.003053653	-0.02660583	0.55747175	0.006163983	0.0505	79.0	882.343850851059
189	-10.790019	3.6184857	-5.5496736	-14.5881405	1000.0	-0.52295214	0.9472805	-0.3108412	-9.923632	760000	-1.6450882e-08	0.019365765	0.0011736462	-0.015785739	0.5162315	0.016179355	0.251	2.0	884.7983360290527
190	-12.142624	9.9828205	-2.004699	-23.085398	1000.0	-0.44287255	1.4986349	-0.18998522	-18.436655	764000	8.106232e-09	0.012421982	-0.0049480046	-0.008220173	0.51546484	0.0022602063	0.034	79.0	887.5479810237885
191	-16.111908	8.859963	-1.2386892	-23.654543	1000.0	-0.46586406	1.6376988	-0.14172977	-17.274012	768000	-2.3841857e-09	0.004271281	0.002031031	-0.0024058165	0.47152126	0.02635981	0.3445	2.0	890.0296947956085
192	-12.776125	12.864755	-1.2036576	-32.833775	1000.0	-0.41900477	1.7515477	-0.14322335	-23.87441	772000	1.7642975e-08	0.015001904	-0.0032097043	-0.0042446936	0.47064212	0.0077221384	0.1155	79.0	901.4056189060211
193	-20.272245	9.649847	-3.9681	-27.879978	1000.0	-0.61947936	2.2084177	-0.16127527	-22.019514	776000	-8.106232e-09	0.015034719	-0.0018895064	-0.012547457	0.45626074	0.0026998243	0.017	79.0	904.7811398506165
194	-28.78157	15.893355	-5.7321334	-45.489902	1000.0	-0.7968543	3.099436	-0.17213243	-31.668573	780000	2.4318695e-08	0.04023566	-0.0015788162	-0.029957652	0.43629304	0.0036652202	0.01325	79.0	907.5923418998718
195	-21.89333	19.05301	-1.0063103	-41.6653	1000.0	-0.69234014	2.7667377	-0.2124365	-27.881512	784000	9.536743e-09	0.015203757	-0.0029422017	-0.002698741	0.4414744	0.002395644	0.02175	79.0	910.2742609977722
196	-19.716028	21.920158	-3.3845036	-57.469925	1000.0	-0.5837274	2.4998167	-0.16067064	-28.214144	788000	-9.536744e-10	0.2805576	-0.00094339374	-0.1065159	0.40088987	0.015426914	0.1675	3.0	912.4942448139191
197	-19.272305	9.256454	-6.7984347	-32.747425	1000.0	-0.62790483	2.049372	-0.17684597	-24.035372	792000	9.536743e-09	0.018480124	-0.003380836	-0.015210887	0.40010184	0.0046902373	0.04975	79.0	915.2585887908936
198	-16.154026	14.894419	-2.149208	-40.401432	1000.0	-0.51808584	1.8101318	-0.22297686	-25.338167	796000	1.001358e-08	0.07556017	-0.0024536473	-0.07041497	0.38300174	0.0031439294	0.02225	79.0	918.2287390232086
199	-22.042696	12.294587	-1.0209554	-32.23382	1000.0	-0.6242084	2.5683935	-0.15189624	-28.601797	800000	6.9141386e-09	0.07904922	-0.00091224315	-0.075311266	0.3904862	0.0013828524	0.01175	79.0	921.1440408229828
200	-14.450896	14.814703	-3.9275708	-39.981224	1000.0	-0.43438825	1.8110664	-0.15770906	-26.917831	804000	8.34465e-09	0.026176965	-0.0015111387	-0.021643437	0.4057846	0.00396583	0.03625	79.0	923.9420027732849
201	-11.210405	10.1505	-3.975003	-28.721737	1000.0	-0.33958295	1.373421	-0.123758554	-22.969475	808000	-1.0490417e-08	0.0048299553	-0.003699783	-0.0024312532	0.39550158	0.0013702107	0.004	79.0	926.7667100429535
202	-16.286785	9.667178	-0.8309451	-27.053295	1000.0	-0.49972206	1.8766401	-0.12352133	-19.738964	812000	1.2159347e-08	0.0089224605	-0.0018362734	-0.0059883613	0.38620457	0.0032985627	0.018	79.0	929.8193418979645
203	-34.444744	19.237886	-5.6577845	-53.805897	1000.0	-0.90223765	3.6886196	-0.13260049	-33.442707	816000	3.004074e-08	0.15860395	-0.0010317562	-0.08660092	0.3694429	0.0012186843	0.00925	79.0	932.6818828582764
204	-11.018401	6.0957065	-3.2161562	-20.29491	1000.0	-0.46540526	1.2362357	-0.22238249	-16.774513	820000	1.4305115e-09	0.026925469	-0.0022494828	-0.02437422	0.3745308	0.0029825135	0.03025	79.0	935.5692610740662
205	-13.461942	8.921768	-0.71301466	-25.934193	1000.0	-0.39177105	1.4741937	-0.117307305	-16.287567	824000	2.3841857e-09	0.007290637	-0.0014089999	-0.0048521757	0.3556991	0.0018412463	0.00325	79.0	948.6419157981873
206	-19.238789	10.410063	-5.856336	-35.064983	1000.0	-0.5212953	2.1048505	-0.10834122	-28.287598	828000	0.0	0.010271198	-0.004815484	-0.0078402385	0.34022853	0.0015976754	0.017	79.0	957.9512279033661
207	-5.7403913	7.6161084	-0.9529633	-18.915693	1000.0	-0.25977287	0.88679576	-0.1354233	-11.544838	832000	-1.5735626e-08	0.010126116	0.00084396894	-0.00868763	0.2952289	0.020363	0.36575	2.0	961.6523108482361
208	-19.789413	14.192905	-2.0027697	-37.87802	1000.0	-0.516726	2.3436153	-0.081496954	-28.761454	836000	-1.3589859e-08	0.056882095	0.0015857681	-0.050917838	0.29441923	0.015933722	0.2565	2.0	964.6419897079468
209	-24.31667	17.624258	-3.0383966	-43.272053	1000.0	-0.68634534	2.8722203	-0.13970572	-30.071754	840000	-2.6941299e-08	0.03130844	3.4542085e-05	-0.019917749	0.2938187	0.016266791	0.19125	3.0	969.056843996048
210	-15.6944685	1.7946527	-14.38406	-18.744762	1000.0	-0.55512905	1.4481072	-0.23981941	-14.343798	844000	-3.504753e-08	0.020604677	-0.0010578926	-0.018985884	0.29300904	0.0013503061	0.007	79.0	973.9677298069
211	-27.393852	6.822778	-18.87646	-37.85031	1000.0	-0.679547	2.4969049	-0.13941467	-26.022007	848000	9.536744e-10	0.01836549	-0.0019470947	-0.015265957	0.27584982	0.004074647	0.0285	79.0	977.3865039348602
212	-15.644961	13.159994	-1.3739892	-35.835693	1000.0	-0.50149757	2.0202916	-0.17131668	-26.872795	852000	-5.00679e-09	0.01870262	-0.0031257432	-0.013993448	0.28397182	0.003411898	0.022	79.0	980.4393258094788
213	-14.444438	14.700657	-3.2421222	-39.612038	1000.0	-0.40184653	1.8178673	-0.12898123	-26.838932	856000	1.2397766e-08	0.021242071	-0.0027504023	-0.01873571	0.2860828	0.0035058977	0.02025	79.0	983.532203912735
214	-18.728912	7.700197	-8.915561	-27.348005	1000.0	-0.5000277	1.9668552	-0.096075	-23.527424	860000	1.1920929e-09	0.036292244	-0.0017672002	-0.034402788	0.28990358	0.001214814	0.00625	79.0	993.2390668392181
215	-18.690086	9.032394	-9.087778	-32.731087	1000.0	-0.5318849	2.013232	-0.12896907	-26.291265	864000	-9.536744e-10	0.011811708	-0.0011699995	-0.008625275	0.27185726	0.0012964507	0.014	79.0	999.4903547763824
