Epoch	AverageEpRet	StdEpRet	MaxEpRet	MinEpRet	EpLen	AverageVVals	StdVVals	MaxVVals	MinVVals	TotalEnvInteracts	LossPi	LossV	DeltaLossPi	DeltaLossV	Entropy	KL	ClipFrac	StopIter	Time
0	79.69305	13.623357	139.2125	69.548874	89.568184	-0.09336032	0.09029748	0.13611318	-0.38441086	4000	3.7908553e-08	1175.1198	-0.010128431	-338.7168	0.9189385	0.0074221725	0.054	79.0	4.511265993118286
1	84.756424	33.37449	274.14124	67.63162	94.190475	5.739086	4.133516	8.724302	-8.713933	8000	9.775162e-09	1133.4207	-0.015850052	-363.34338	0.9341611	0.0035995056	0.08825	79.0	8.873321056365967
2	78.47851	12.181401	130.88742	68.33535	88.666664	11.512963	6.1688385	15.036986	-10.42789	12000	-6.7949294e-08	493.3747	-0.010070929	-153.05963	0.92306143	0.009948837	0.066	79.0	14.1437509059906
3	79.02661	13.067858	132.9942	67.40468	89.15909	15.142739	8.098025	20.013088	-11.233901	16000	-4.5657156e-08	353.31775	-0.013213098	-97.65733	0.93401855	0.01361987	0.0675	79.0	19.80983591079712
4	80.54386	13.099697	124.887924	67.51177	90.59091	18.117714	9.320883	24.130905	-11.254297	20000	-1.7523766e-08	269.50345	-0.01538096	-75.78984	0.94310963	0.014309416	0.095	79.0	24.210366010665894
5	85.27106	32.48737	278.65488	69.795525	94.59524	18.893885	12.728243	27.814005	-27.387814	24000	4.1037797e-08	464.70428	-0.018119017	-182.60367	0.9193793	0.00946446	0.09375	79.0	27.999226093292236
6	92.088875	36.455963	284.88034	70.77942	100.871796	22.65241	12.342914	31.51913	-30.81777	28000	-4.1365624e-08	383.54977	-0.021065423	-112.16809	0.92141724	0.012103095	0.10525	79.0	31.560988903045654
7	102.75321	50.505367	297.8733	72.71726	110.416664	25.52218	12.986806	35.482353	-14.215813	32000	-2.6345253e-08	465.08786	-0.022041932	-128.42697	0.9166418	0.012156552	0.1255	79.0	35.039201974868774
8	117.11345	36.9138	259.5897	72.09347	123.875	29.546562	14.239716	39.997562	-18.722311	36000	2.4080277e-08	344.112	-0.023470638	-112.919556	0.90948427	0.014758931	0.13525	79.0	38.515949964523315
9	125.710594	41.193398	286.9689	76.83154	131.13333	34.68798	13.865789	44.23135	-14.6156	40000	-2.9206277e-08	340.6797	-0.018305596	-116.24487	0.88715476	0.015352951	0.12475	35.0	41.921233892440796
10	161.5388	76.2503	306.75504	82.61494	162.45833	36.116444	17.166603	48.32396	-18.366869	44000	2.1338463e-08	629.08624	-0.004532962	-223.31332	0.8834081	0.015076989	0.172	4.0	45.197787046432495
11	191.05144	63.335045	295.1019	91.455185	189.0	42.277798	18.136639	54.186886	-36.188175	48000	3.3378602e-09	471.2671	-0.015741052	-158.64511	0.88382685	0.015937041	0.116	18.0	48.51083278656006
12	195.48402	73.99582	314.84238	92.695175	192.3	46.32679	19.699356	59.79446	-33.819393	52000	5.1259995e-08	378.24857	-0.017375387	-112.97107	0.8846821	0.0155528765	0.12975	25.0	52.00426387786865
13	279.65494	17.224123	307.0999	255.18602	264.66666	53.915344	19.376026	64.51233	-25.997576	56000	-4.506111e-08	459.5366	-0.011808437	-177.5917	0.8784341	0.016232764	0.16225	13.0	55.22640299797058
14	274.7006	38.73287	307.8911	136.98985	259.6	58.33747	21.780895	70.292404	-47.936226	60000	3.9696694e-08	335.10602	-0.018782001	-146.36354	0.876584	0.015015229	0.111	37.0	58.42596101760864
15	263.94836	49.400406	309.98166	154.30159	250.66667	62.28146	21.387888	74.86514	-26.463387	64000	-1.1324882e-08	311.97476	-0.018683812	-145.93939	0.8918871	0.015053861	0.10075	50.0	61.80408000946045
16	241.43063	52.36577	301.3752	139.32425	231.47058	60.48811	25.553421	78.334984	-19.634588	68000	-8.702278e-09	165.48537	-0.022374973	-94.697556	0.9037485	0.014782961	0.13575	79.0	65.30849885940552
17	281.44745	12.229534	309.60715	266.33026	264.93332	63.06445	25.738943	80.71841	-36.30495	72000	6.556511e-09	148.29083	-0.022983057	-70.7483	0.8968825	0.015017673	0.1165	48.0	68.62671399116516
18	282.22812	17.67271	317.46225	255.84953	265.26666	64.96786	26.704863	83.19653	-26.018095	76000	-5.90086e-09	116.20164	-0.02055596	-61.52701	0.88837624	0.015106574	0.14175	43.0	72.35434484481812
19	279.19504	8.697875	301.94745	264.8263	262.0	67.35167	26.553373	85.45859	-21.509491	80000	1.5690922e-08	80.94301	-0.018612636	-22.203888	0.8840838	0.015017677	0.12225	56.0	89.96181797981262
20	284.28607	9.316685	309.30826	273.30896	265.13333	69.06128	26.988434	87.090324	-18.86725	84000	-1.502037e-08	99.75356	-0.022104932	-46.37641	0.8931128	0.015043242	0.1295	73.0	96.06866002082825
21	285.2093	10.367925	313.30896	275.80942	266.26666	66.96423	28.070072	88.55537	-36.895935	88000	1.168251e-08	88.681526	-0.020247081	-40.90436	0.90632427	0.014167552	0.13725	79.0	100.68393802642822
22	284.74374	4.8086114	292.96478	276.977	264.8	69.47236	27.931684	89.889244	-16.364262	92000	-4.053116e-09	56.5879	-0.01709884	-22.458935	0.8767943	0.015151429	0.11125	70.0	103.8318178653717
23	291.20026	7.8261046	309.29852	282.4018	269.64285	70.76103	27.95045	90.96778	-55.55742	96000	1.0371208e-08	78.89505	-0.01841953	-31.143631	0.870429	0.015055215	0.1065	43.0	110.49492502212524
24	293.9246	8.854674	318.47986	282.48224	271.92856	70.5103	27.849655	92.30163	-18.1493	100000	-3.5762786e-09	57.754307	-0.011213425	-30.284079	0.85544294	0.015254405	0.1025	22.0	114.93835282325745
25	289.15244	6.760434	300.64514	279.48947	268.2857	70.579605	28.889515	93.51013	-10.268332	104000	2.1457671e-09	30.172394	-0.015312774	-14.257986	0.856762	0.015207455	0.1135	67.0	117.71722102165222
26	292.45172	8.170576	311.7818	277.4873	270.64285	70.21792	29.21532	94.293076	-17.914385	108000	-1.180172e-08	32.927193	-0.014799568	-18.347534	0.8712672	0.012729155	0.09725	79.0	120.18463683128357
27	294.78766	6.673393	304.54926	282.1998	272.2857	73.59175	27.5784	95.07047	-11.073759	112000	-6.9141386e-09	58.66413	-0.016365834	-34.794273	0.8613057	0.015007035	0.1335	77.0	122.63421583175659
28	296.6566	6.7606845	304.79404	282.26965	273.5	71.03031	29.1767	95.80859	-12.064401	116000	-2.6226044e-09	36.058376	-0.014254761	-13.957508	0.8479897	0.013784243	0.12325	79.0	125.11964797973633
29	297.5615	7.7290115	307.9037	283.13095	274.64285	73.815285	28.661625	96.47576	-15.189417	120000	-4.768372e-10	75.19117	-0.0125992615	-25.768452	0.8315077	0.011014525	0.12425	79.0	127.65446090698242
30	300.37933	4.329725	307.55743	288.45993	276.92856	72.61659	29.214233	96.86128	-15.260361	124000	-8.165836e-09	51.12292	-0.011428761	-19.48067	0.8193693	0.009472261	0.11825	79.0	130.14076113700867
31	301.2896	3.1723573	307.17972	295.70493	277.14285	72.0522	29.432322	97.59592	-20.431183	128000	1.6689301e-09	64.282425	-0.010249163	-22.31828	0.804645	0.013462939	0.09025	79.0	132.8344759941101
32	300.6712	2.939674	305.85757	295.66278	276.85715	73.07253	29.665247	98.0908	-10.460427	132000	-2.384186e-10	42.804348	-0.015831528	-11.927572	0.7942842	0.014467891	0.145	79.0	135.4387230873108
33	300.80777	4.550387	308.89825	291.40005	276.85715	72.99675	29.783693	98.52325	-32.485245	136000	8.5830685e-09	39.450245	-0.009689581	-8.320238	0.7824026	0.015591418	0.165	19.0	137.98807096481323
34	301.51215	5.3914943	309.3456	287.7874	277.14285	75.59938	29.833858	98.86213	-22.90386	140000	-7.033348e-09	104.05662	-0.012599015	-32.165863	0.7807502	0.011424936	0.13725	79.0	141.0048110485077
35	302.88895	5.3680525	313.50537	294.17517	278.14285	72.255226	29.907343	98.66299	-83.34269	144000	1.1205673e-08	76.21396	-0.0091614975	-29.140759	0.76753545	0.015334517	0.10675	24.0	143.60898780822754
36	301.21323	4.922445	309.1198	291.50116	276.57144	74.976234	29.395859	99.004	-9.225622	148000	1.2397766e-08	72.1871	-0.005478258	-23.162083	0.7639943	0.015290128	0.14375	14.0	147.60327816009521
37	299.9637	5.1296096	309.6138	291.37665	275.57144	72.74597	30.054241	98.86128	-10.259151	152000	1.1920929e-09	64.34259	-0.01026146	-16.11465	0.76240563	0.008055821	0.094	79.0	150.34896993637085
38	304.0293	4.1271744	310.40454	297.04596	279.0	74.32526	29.10923	98.81284	-11.616838	156000	-3.1590461e-09	86.33495	-0.006424998	-16.604385	0.7504951	0.007462162	0.0785	79.0	152.9050920009613
39	297.4772	4.306417	306.62503	290.15964	273.64285	72.89431	29.618988	99.19131	-8.403953	160000	6.437302e-09	38.334858	-0.012131518	-19.724585	0.74932903	0.01464322	0.11375	79.0	160.57709002494812
40	301.96872	4.6859336	309.23566	296.64124	277.07144	75.55111	29.572342	99.223625	-20.480215	164000	3.9339065e-09	102.72746	-0.008417027	-32.9924	0.7393818	0.0059094876	0.09275	79.0	163.49793791770935
41	301.15094	4.298475	309.16333	295.56155	276.5	72.59997	29.565317	98.69455	-15.761002	168000	-2.3841857e-09	53.42975	-0.010192634	-10.134605	0.723634	0.015119013	0.10275	77.0	166.14972305297852
42	302.55997	4.079188	308.50107	296.6948	278.07144	73.40342	30.06264	99.17171	-13.345998	172000	-4.529953e-09	46.661747	-0.016346559	-14.247395	0.7136573	0.009293169	0.1315	79.0	168.5937979221344
43	302.12405	4.329702	308.59305	295.64328	277.2857	73.895	30.101566	99.55428	-11.060847	176000	4.2915342e-09	44.048756	-0.012958061	-9.683002	0.70027834	0.0125602335	0.1155	79.0	171.45066285133362
44	302.00925	3.2023683	307.39685	298.2937	277.0	73.83984	30.271965	99.49231	-13.771023	180000	-4.887581e-09	38.491966	-0.007961764	-12.039837	0.7123422	0.010783612	0.09	79.0	173.903883934021
45	299.31976	2.0239456	303.56024	295.8392	274.92856	72.70651	29.733622	99.38428	-9.41022	184000	-3.0994416e-09	23.967949	-0.008260782	-13.592727	0.7232222	0.01523262	0.06575	22.0	176.16737008094788
46	302.36325	2.879824	308.31223	298.26825	277.35715	74.22176	30.061918	99.63661	-24.699203	188000	-7.629395e-09	21.703716	-0.01215825	-9.911946	0.717952	0.0070203156	0.0845	79.0	178.8868329524994
47	307.049	6.368153	325.74976	300.46118	281.35715	74.64861	30.359533	99.83638	-60.335567	192000	-2.503395e-09	74.37141	-0.0142031815	-24.853565	0.7062302	0.01332399	0.1505	79.0	181.633446931839
48	304.95782	4.9568186	311.6364	294.47202	279.85715	72.946846	30.378029	99.90099	-12.079334	196000	1.5616417e-08	62.297916	-0.0127118705	-19.741058	0.7122365	0.013442455	0.10025	79.0	184.9370400905609
49	304.00967	6.4936247	312.69034	283.18076	279.57144	72.695755	29.610613	99.88249	-11.114174	200000	-6.9141386e-09	51.89653	-0.012699085	-23.776085	0.7115467	0.015052555	0.1075	61.0	187.42138600349426
50	303.64468	6.826975	316.35852	288.43314	279.07144	74.4754	30.575958	100.16473	-55.74823	204000	2.7418137e-09	59.232235	-0.013419387	-14.753017	0.700264	0.010400861	0.107	79.0	189.89222407341003
51	305.96625	6.086576	322.98346	299.24274	281.07144	72.860306	29.84931	99.68965	-26.109798	208000	6.437302e-09	40.68876	-0.01112916	-14.166903	0.70727175	0.015742142	0.14775	31.0	192.18046307563782
52	306.29166	5.5062943	319.01547	296.56375	281.2143	74.781	30.13167	100.46683	-15.67367	212000	-7.1525574e-10	42.097973	-0.011247774	-14.309286	0.7035389	0.015776256	0.12975	29.0	194.45718812942505
53	310.97964	9.280866	329.11795	301.26868	285.07144	72.96805	31.00027	100.38261	-19.596115	216000	-2.7418137e-09	49.577477	-0.0132215945	-13.211372	0.6980408	0.010170739	0.10625	79.0	197.5376009941101
54	308.09906	7.3262057	323.5578	300.26105	283.07144	73.21902	29.980362	100.64193	-18.799389	220000	1.9073487e-09	34.94032	-0.014190065	-16.872116	0.6853495	0.015237406	0.13875	40.0	200.01563501358032
55	319.38766	6.852828	329.10062	305.4742	292.23077	74.92803	31.094448	101.01181	-18.620127	224000	6.556511e-09	92.62113	-0.013362246	-43.39679	0.67939967	0.007688577	0.1595	79.0	202.49901700019836
56	322.5445	6.0787234	329.4753	308.92523	294.6154	74.68662	29.280733	101.40215	-9.827957	228000	5.00679e-09	39.685646	-0.0117351245	-22.821001	0.66758376	0.015223502	0.09225	39.0	204.83650708198547
57	322.67493	7.306124	332.7041	309.358	294.92307	77.42469	30.386766	101.89849	-10.999365	232000	6.6757204e-09	70.3372	-0.017545834	-43.637924	0.6691542	0.015027218	0.14325	52.0	207.35199785232544
58	317.45187	7.4596114	326.70575	305.227	290.84616	75.61412	29.992304	102.20017	-12.217467	236000	4.7683715e-09	30.949535	-0.012518177	-12.356281	0.66884416	0.015321897	0.11625	37.0	210.09282612800598
59	317.17352	12.583928	330.1437	284.82208	290.69232	76.15823	30.541183	102.28145	-23.810637	240000	-9.536744e-10	66.8298	-0.013865615	-24.388771	0.6614345	0.011569315	0.14025	79.0	212.66308879852295
60	322.88315	14.709107	336.4931	290.018	295.15384	74.88645	30.497442	101.83659	-21.803432	244000	-1.0490417e-08	40.26826	-0.012920618	-8.399284	0.65083104	0.012592283	0.12525	79.0	215.17279696464539
61	322.0589	13.12228	337.5591	287.2387	294.76923	76.290184	30.67169	102.05579	-21.978878	248000	1.2397766e-08	36.210617	-0.0036235205	-14.731279	0.648858	0.018894978	0.16925	3.0	217.30622696876526
62	333.31332	5.3322797	342.2608	323.02127	303.53845	75.308014	30.876822	102.10891	-10.048242	252000	-4.529953e-09	32.037567	-0.00359162	-15.986105	0.6485261	0.015224208	0.187	7.0	219.456640958786
63	329.33447	7.519132	336.47034	313.55658	300.46155	76.53541	30.92732	102.856735	-25.639425	256000	2.861023e-09	28.696705	-0.014401191	-8.151861	0.64698553	0.01050233	0.107	79.0	223.13681602478027
64	321.0435	10.157544	338.30682	303.37653	293.92307	77.165474	30.52275	102.709854	-16.078362	260000	-4.053116e-09	40.34251	-0.013839596	-14.6115055	0.64595723	0.012006706	0.15175	79.0	225.62583708763123
65	323.1729	10.58521	338.55737	304.8391	295.69232	75.47888	30.289528	102.970406	-19.467754	264000	0.0	42.096256	-0.007930733	-14.878517	0.6373677	0.01595262	0.19175	10.0	227.78940105438232
66	318.22537	9.767189	343.25876	309.308	291.76923	76.72057	30.452812	102.95392	-16.863075	268000	-7.629395e-09	42.350792	-0.012786262	-16.733624	0.63491094	0.01449632	0.1435	79.0	230.55455207824707
67	326.5034	13.447254	339.57663	287.02753	298.23077	74.42763	30.764137	102.35073	-13.638879	272000	-1.3828277e-08	73.63236	-0.011623572	-52.548843	0.6317284	0.016015645	0.1305	20.0	232.89695000648499
68	323.65738	10.866683	342.36993	305.39325	296.07693	78.19854	30.32348	102.99298	-15.568721	276000	2.861023e-09	67.87686	-0.015488797	-28.265408	0.6286044	0.015057016	0.13675	63.0	235.32219219207764
69	330.22055	14.314245	346.21603	288.65228	301.23077	76.0161	30.283644	102.92527	-12.583111	280000	8.34465e-09	52.03348	-0.010386737	-16.854122	0.62314016	0.015144766	0.1065	44.0	237.64015698432922
70	320.4674	43.577198	345.02573	175.66083	293.6154	75.72403	31.68368	103.25652	-15.881577	284000	7.987023e-09	74.46906	-0.018819714	-30.094429	0.61222625	0.011072763	0.1505	79.0	240.50635480880737
71	335.2744	8.4356165	344.77344	314.69812	305.53845	76.154106	30.264637	102.78828	-11.971768	288000	-6.6757204e-09	40.045834	-0.005810231	-12.0956135	0.626646	0.015890455	0.10625	9.0	244.33266615867615
72	337.6197	10.2447	352.08353	321.10623	307.30768	76.34454	30.97281	103.64389	-10.3511	292000	5.2452087e-09	59.41037	-0.010187294	-17.996521	0.6255065	0.013445168	0.11725	79.0	246.91078996658325
73	339.90555	5.8576484	350.70163	331.84308	309.33334	76.71517	30.199373	103.49527	-9.741964	296000	-1.0490417e-08	26.375282	-0.013937443	-5.177799	0.6240171	0.013834829	0.12625	79.0	249.32568907737732
74	336.60812	13.235541	351.1139	313.43085	306.6154	77.242	31.226341	104.27612	-26.821827	300000	-2.384186e-10	59.80003	-0.01787188	-23.911617	0.628016	0.014662808	0.15875	79.0	251.91437315940857
75	347.1802	4.33151	352.99493	338.12317	315.16666	77.33367	30.30229	103.40317	-11.060773	304000	0.0	16.56979	-0.01299733	-9.417147	0.61897	0.015107461	0.12375	72.0	254.6070840358734
76	352.4775	5.460289	362.38553	345.59518	319.33334	78.18403	30.983313	105.1757	-10.071726	308000	7.867813e-09	10.010264	-0.013821627	-3.4581618	0.6022437	0.009609921	0.1185	79.0	257.6739230155945
77	351.4149	8.125892	360.02084	329.92374	318.41666	79.60938	31.053774	105.80994	-10.332773	312000	-2.3841857e-09	19.16411	-0.014499941	-3.3143663	0.59604317	0.010096387	0.13725	79.0	260.42238092422485
78	352.18372	8.332008	361.2646	326.87228	319.33334	77.89466	31.159298	105.44083	-25.967327	316000	7.629395e-09	21.436235	-0.006229247	-17.344036	0.5819674	0.01624431	0.211	3.0	262.5947048664093
79	353.30893	12.5999365	362.39746	314.4209	319.91666	79.59734	31.514957	105.74937	-16.781826	320000	-4.529953e-09	24.153202	-0.014588217	-10.612485	0.58149	0.0053542997	0.146	79.0	265.05581498146057
80	359.81888	3.9684293	366.10983	353.2729	325.08334	78.595406	30.881777	105.56029	-11.241598	324000	-4.6491624e-09	13.257755	-0.011233662	-9.049708	0.5632301	0.009011716	0.1135	79.0	268.5795760154724
81	358.73022	9.370292	367.68756	331.50693	324.08334	79.82821	31.211699	106.14706	-10.015977	328000	5.066395e-09	13.73469	-0.01817613	-5.79076	0.5548634	0.013240166	0.142	79.0	271.1210150718689
82	365.41354	4.337969	369.28915	355.67056	329.25	78.91785	31.351192	106.204414	-12.316223	332000	-1.4305115e-09	7.2011795	-0.013227022	-3.9317343	0.5494375	0.0058277696	0.10975	79.0	273.65142607688904
83	365.79736	6.980303	378.50507	354.67914	329.5	79.897095	31.36691	106.51955	-11.756733	336000	1.591444e-08	4.6093388	-0.015482622	-0.9004369	0.55199033	0.01405686	0.14525	79.0	276.1160719394684
84	367.46677	5.818734	374.58472	353.83066	330.66666	80.3055	31.354319	106.95533	-10.576003	340000	-9.536744e-10	4.8448887	-0.018017903	-1.0288534	0.5506685	0.008782578	0.13275	79.0	278.60246086120605
85	372.82175	3.7012398	381.1764	366.84454	334.72726	79.98536	31.139055	106.95731	-10.632449	344000	2.9206275e-09	4.7160683	-0.015050613	-1.8809762	0.5361456	0.008004684	0.12925	79.0	281.19014978408813
86	373.60294	5.8996463	383.51862	362.72833	335.36365	80.94984	31.019518	107.23603	-11.719061	348000	-1.0967255e-08	4.110855	-0.011918751	-0.7984617	0.52686894	0.015585884	0.14475	17.0	283.4594349861145
87	380.90295	5.111031	389.18192	370.68295	340.9091	81.268105	30.909018	106.79609	-11.222869	352000	1.2159347e-08	4.2549305	-0.019360606	-2.1014159	0.5192249	0.0110940235	0.15275	79.0	285.9650249481201
88	383.70078	4.651756	391.72064	374.50992	343.0	82.34153	30.818226	107.69924	-11.341226	356000	9.536744e-10	2.484025	-0.016624376	-0.72391486	0.49585083	0.004522791	0.11375	79.0	288.4592990875244
89	383.57727	8.456471	397.16614	363.49606	342.9091	82.86602	30.838207	107.627846	-10.330485	360000	-1.6450882e-08	3.874985	-0.018377617	-0.814569	0.49250287	0.009265385	0.11725	79.0	291.33417105674744
90	391.67395	5.895646	399.9284	382.3587	348.9091	82.381546	31.166338	107.1884	-11.7749405	364000	1.3113022e-08	4.6847906	-0.016152928	-2.4864495	0.49002728	0.014297343	0.11925	79.0	295.36049795150757
91	395.53885	4.450791	404.0911	390.2892	351.72726	83.057755	30.948948	107.8043	-11.264493	368000	1.2874604e-08	2.311423	-0.018204119	-1.115979	0.48290017	0.009659105	0.10325	79.0	297.943843126297
92	397.85587	9.1264	418.03622	384.7936	353.45456	83.26853	31.535524	107.67936	-9.705433	372000	5.722046e-09	5.188195	-0.017720377	-2.1214387	0.47306344	0.0141182495	0.13775	79.0	300.3979058265686
93	402.79208	8.595894	419.63367	388.69717	357.0909	83.57183	30.770615	108.01629	-10.533	376000	-5.066395e-09	5.644799	-0.007674696	-3.1482081	0.44262916	0.016173974	0.1535	8.0	302.5611848831177
94	411.15393	11.551279	431.90643	384.76407	363.0909	83.33263	31.44703	108.13532	-13.89962	380000	2.1219254e-08	6.887316	-0.0026925104	-3.2399335	0.44024903	0.01784061	0.209	2.0	304.6746380329132
95	421.1141	13.284364	438.8379	394.4651	370.3	84.97544	30.632803	108.678246	-13.585357	384000	1.3947487e-08	8.144583	-0.017858801	-4.3698044	0.43956935	0.012530155	0.1385	79.0	307.1633388996124
96	435.73306	22.350359	477.33997	406.8524	380.8	86.31204	30.442127	108.98967	-23.59617	388000	4.1723253e-10	18.441963	-0.011132818	-9.95104	0.4285405	0.017883236	0.17625	15.0	309.3453528881073
97	431.20834	9.298051	446.92093	416.69693	377.6	88.031075	30.585054	110.021034	-12.077193	392000	2.771616e-08	4.5627804	-0.008300135	-2.1537242	0.4270122	0.016513646	0.15675	9.0	311.5910608768463
98	490.255	95.19934	672.05554	420.63022	415.1111	87.246216	28.317278	109.641846	-14.213916	396000	2.002716e-08	301.1114	-0.015553407	-229.52536	0.42698357	0.015011298	0.13625	79.0	314.0436179637909
99	534.3568	130.42686	818.9263	418.9452	449.625	87.3613	34.41878	113.805115	-36.14956	400000	-4.440546e-09	733.6305	-0.02645165	-540.1649	0.41554996	0.015086542	0.149	49.0	316.5008990764618
100	496.848	104.502495	691.1253	392.74265	423.44446	95.33987	28.78469	116.33768	-21.586668	404000	-4.529953e-09	283.08786	-0.027725141	-205.47482	0.40207565	0.015679942	0.138	48.0	318.98786783218384
101	655.90216	83.28823	715.49255	454.84894	529.4286	96.63329	22.775188	113.07186	-9.840676	408000	1.180172e-08	325.0524	-0.021300038	-186.99432	0.40890077	0.012746044	0.143	79.0	321.4935119152069
102	645.9287	121.344055	838.3419	468.56256	524.8571	102.175095	28.011444	121.85687	-14.696482	412000	-1.6212464e-08	429.64676	-0.017624198	-215.96364	0.396292	0.015414711	0.12725	19.0	323.68687987327576
103	647.82526	78.20527	692.13916	457.84476	521.1429	106.80379	20.854288	120.62912	-12.842555	416000	4.6491624e-09	230.62234	-0.016826471	-70.36757	0.3940577	0.013329143	0.14625	79.0	326.1698639392853
104	599.84	114.55236	719.86847	422.76392	487.75	99.51837	29.264372	124.586914	-27.401268	420000	-1.168251e-08	469.69208	-0.021026587	-282.62067	0.37221026	0.015117374	0.13725	76.0	328.95213890075684
105	672.94727	79.17061	738.40173	487.58975	539.5714	101.19922	24.676472	124.69419	-11.397626	424000	-1.7642975e-08	265.38455	-0.017315324	-107.3745	0.35262585	0.013545661	0.13075	79.0	331.5581419467926
106	628.77625	94.74753	704.8264	470.6784	509.7143	105.42468	24.283875	128.66869	-20.573084	428000	-2.6226044e-09	223.6026	-0.0041893176	-117.39582	0.34627974	0.015665857	0.1825	4.0	333.86546516418457
107	613.6737	98.80259	683.57635	430.45657	493.625	109.55791	17.812891	128.51576	-5.5706306	432000	-3.7163495e-08	386.94498	-0.0057175388	-204.14902	0.3464415	0.019810082	0.19875	3.0	336.20414304733276
108	545.3377	101.26255	694.3103	428.72385	454.375	96.8287	31.85757	124.42169	-14.393863	436000	1.4781952e-08	231.1862	-0.028002363	-164.37173	0.34672296	0.014035015	0.1425	79.0	338.65567684173584
109	551.68097	88.048325	688.474	466.08954	461.125	98.29844	27.755236	121.11071	-19.391214	440000	7.808208e-09	168.31198	-0.019635864	-75.65428	0.3467285	0.01574064	0.1205	19.0	341.0331530570984
110	668.72723	171.59264	957.38916	419.1495	535.8571	95.89513	28.661137	120.22535	-13.238466	444000	-2.0384789e-08	803.95465	-0.02467119	-616.3961	0.34981453	0.015556576	0.1645	36.0	343.4392011165619
111	588.54663	139.91412	864.2709	443.9675	480.375	105.07951	25.432396	125.37088	-31.468401	448000	1.168251e-08	251.08731	-0.02632882	-141.10318	0.34772253	0.01501149	0.1415	72.0	345.9656398296356
112	673.84656	87.12016	836.71735	515.36804	544.1429	103.40117	23.145138	127.652534	-9.549787	452000	-5.1021576e-08	447.0583	-0.021220623	-341.22318	0.3237083	0.016010221	0.1365	13.0	348.1479239463806
113	645.69196	81.74564	721.589	459.29126	523.0	107.021065	22.080633	125.67002	3.0787826	456000	1.4305114e-08	364.3277	-0.015841836	-266.46884	0.3228933	0.015647173	0.124	13.0	351.11076402664185
114	671.8893	63.720524	729.9747	525.13824	541.7143	103.65376	24.436213	123.57352	-1.9398961	460000	2.1457673e-08	257.35406	-0.004672216	-150.58966	0.32242426	0.01578731	0.193	3.0	353.3338658809662
115	643.00574	113.85371	722.51654	455.05435	522.4286	101.6444	26.416578	125.41316	-3.7563229	464000	0.0	349.111	-0.014999356	-288.07938	0.32227635	0.0157893	0.132	12.0	355.51443099975586
116	567.4789	151.46117	862.138	405.35498	469.75	100.234604	28.54406	124.085495	-10.856622	468000	-9.059906e-09	526.4369	-0.013824951	-388.40118	0.3209026	0.015963884	0.156	8.0	357.6662759780884
117	590.8932	141.55875	837.0828	442.56686	488.375	99.37324	25.716799	123.28858	-19.553074	472000	7.987023e-09	287.25482	-0.029955857	-136.89494	0.3201203	0.010211792	0.1875	79.0	360.09454107284546
118	648.98334	56.773792	703.2374	517.3253	525.0	104.530785	22.449705	125.03016	-7.686407	476000	1.078844e-08	211.05988	-0.023873648	-169.23611	0.31361932	0.01365855	0.132	79.0	362.76028323173523
119	641.51575	131.5518	880.00275	443.8345	519.2857	103.31992	26.956484	124.04007	-12.886795	480000	-2.026558e-08	492.63242	-0.028799597	-297.77417	0.31669176	0.015450665	0.19825	55.0	365.6345100402832
120	703.1742	78.87288	895.41766	655.0438	555.7143	105.926704	20.524641	123.0156	-7.291077	484000	3.218651e-09	348.76974	-0.021403253	-182.41867	0.2893767	0.0150658265	0.16025	74.0	368.1555368900299
121	625.505	78.3671	686.9306	436.8379	505.7143	106.94871	24.435246	125.82792	-11.8231125	488000	4.529953e-09	336.45334	-0.015106055	-197.43222	0.27681568	0.016157813	0.14025	12.0	371.0227241516113
122	680.65137	22.215841	722.3171	652.50867	543.2857	104.61508	22.496418	125.25509	-7.4728594	492000	4.053116e-09	431.6105	-0.009466771	-277.6862	0.27532995	0.01602922	0.1985	6.0	373.32617807388306
123	664.55316	18.759163	699.71185	643.4555	528.0	108.1416	20.013386	126.362625	0.5439179	496000	2.2649765e-08	193.61559	-0.017626118	-102.040245	0.2749494	0.013540138	0.136	79.0	375.85714983940125
124	657.97705	22.557198	694.2975	633.4583	529.5714	105.09624	27.431116	127.3468	-22.626646	500000	1.9073487e-09	91.13183	-0.012181478	-49.86117	0.26948783	0.015626865	0.15875	12.0	378.11026883125305
125	639.7667	89.40745	704.9044	427.43085	519.5714	108.58078	21.334026	126.080086	-24.879051	504000	8.34465e-09	444.51532	-0.01132182	-367.37622	0.2690746	0.015475303	0.095	6.0	380.58491706848145
126	690.8748	10.929774	713.15967	676.6119	552.4286	103.22847	27.353209	129.48732	-25.265205	508000	-2.6464463e-08	312.52844	-0.0095309075	-186.18315	0.26879206	0.01632108	0.187	15.0	382.8677921295166
127	658.2501	123.57702	881.37024	422.00027	524.7143	108.16733	22.048796	129.98662	-17.36971	512000	9.059906e-09	481.90005	-0.01882039	-331.39545	0.2664481	0.0154832415	0.2	25.0	385.2949240207672
128	654.71497	255.22588	1227.955	436.72394	522.8571	108.87548	20.527168	130.68497	-1.3396244	516000	2.7418137e-08	873.6102	-0.0069773854	-523.0829	0.2654494	0.02007028	0.16575	3.0	387.49795508384705
129	542.7771	113.25486	694.5002	438.22403	456.5	104.71948	24.22421	127.328766	-13.885953	520000	1.6510487e-08	390.3842	-0.008672895	-302.37106	0.26519433	0.017215798	0.08975	4.0	392.2238290309906
130	697.4809	65.939095	840.1266	640.1833	556.0	101.582794	22.713755	123.20778	14.107984	524000	3.671646e-08	549.16	-0.013618469	-272.7715	0.26477695	0.015065373	0.19125	16.0	394.6693649291992
131	560.16956	153.87044	868.09076	441.04828	467.875	112.92645	16.368002	128.42136	7.711081	528000	-3.385544e-08	761.9745	-0.011837737	-588.6117	0.26238587	0.01598802	0.10825	10.0	396.87051796913147
132	586.9673	107.27529	684.86816	445.22485	479.125	101.5659	22.840374	122.07756	-9.390022	532000	-2.169609e-08	210.31776	-0.0123375	-77.39224	0.26289442	0.015329057	0.148	14.0	399.0601279735565
133	649.6224	143.27266	897.5924	451.97745	528.7143	97.90286	26.510128	122.47429	0.21923709	536000	-1.7881394e-08	346.7033	-0.017700303	-184.30818	0.26544797	0.015084913	0.202	14.0	401.26828479766846
134	671.4504	10.22735	688.5937	661.1708	540.1429	108.27353	21.65469	127.97049	-5.754969	540000	7.033348e-09	154.31718	-0.014520057	-82.192245	0.2703533	0.015024691	0.14025	13.0	403.51229786872864
135	662.46796	12.764444	685.83905	645.55835	529.5714	107.79777	22.040188	126.06372	-11.089967	544000	5.2452087e-09	124.64568	-0.015211438	-85.92105	0.27248028	0.0067992993	0.1375	79.0	406.03837299346924
136	660.27106	19.152903	691.7425	636.18445	527.8571	107.01161	23.3249	127.03819	-2.281094	548000	9.775162e-09	182.80296	-0.025222998	-123.65641	0.25742742	0.0150133995	0.1425	68.0	408.46113300323486
137	618.446	83.9792	680.6792	477.83167	502.7143	106.32829	24.91931	127.29009	-24.131317	552000	-1.9550324e-08	294.76486	-0.013802019	-189.65091	0.25319192	0.015249357	0.118	12.0	410.87377095222473
138	701.6737	79.07739	891.6516	640.49994	558.4286	100.925385	27.98498	124.88214	-5.2201853	556000	2.4557114e-08	335.5525	-0.015558299	-222.91962	0.2525504	0.015510163	0.178	12.0	413.4010269641876
139	659.8317	30.648212	733.2817	640.06244	523.4286	108.54961	21.810734	128.27632	4.1920247	560000	-9.536744e-10	208.29341	-0.016007321	-92.59397	0.2501509	0.007993602	0.139	79.0	416.0695559978485
140	586.17834	86.98986	686.0625	461.31796	482.5	109.366196	20.106861	127.05753	10.038881	564000	9.536744e-10	569.45526	-0.011998463	-525.90204	0.2593583	0.020706488	0.17525	7.0	418.24628710746765
141	630.46747	81.333984	679.94354	433.66367	508.85715	100.3265	25.079508	123.42241	2.2046623	568000	2.9802323e-09	163.0822	-0.020333104	-121.01162	0.25969598	0.016448751	0.16375	24.0	420.51074504852295
142	682.541	58.81061	825.2656	640.20325	539.7143	104.71544	23.211512	124.510155	10.778985	572000	1.6450882e-08	244.16884	-0.019757234	-110.06854	0.25873816	0.012769635	0.1645	79.0	423.01053500175476
143	665.9235	18.097794	686.1622	631.0992	532.4286	107.11413	22.022242	126.60564	-10.439254	576000	-1.013279e-09	174.04762	-0.019815838	-92.00637	0.24059989	0.015164193	0.14775	46.0	425.3961989879608
144	650.81134	16.01088	666.7762	625.4631	519.0	108.978516	19.291815	128.04668	-3.0839195	580000	1.0728836e-09	189.69592	-0.015470037	-87.14992	0.22852208	0.010759074	0.15875	79.0	427.93710803985596
145	653.20026	20.606606	687.66425	628.29333	523.7143	105.171455	23.870579	124.8175	-21.568636	584000	7.152557e-09	68.682625	-0.01546888	-40.683067	0.22076796	0.015313019	0.122	23.0	430.2146511077881
146	687.4747	72.875435	861.36206	636.2997	548.1429	103.06128	28.371326	127.76458	-19.247662	588000	2.1457671e-09	256.1641	-0.011602453	-141.54428	0.21758978	0.016309943	0.19025	10.0	432.5064129829407
147	531.39264	105.32228	677.96484	428.15402	445.375	114.02944	13.150329	130.22115	15.635419	592000	3.5405158e-08	893.65283	-0.011794087	-771.7209	0.21645737	0.015341116	0.135	11.0	434.68055391311646
148	524.5846	121.17166	684.39166	410.47922	444.5	95.72787	28.370749	123.25993	-7.875741	596000	-1.2516975e-08	186.5085	-0.012240818	-78.28152	0.21690999	0.015168434	0.172	8.0	436.96873903274536
149	559.9817	117.91216	689.9727	433.36346	464.25	99.13546	24.98984	121.23458	-6.420496	600000	9.208917e-09	171.49533	-0.0068186442	-78.203186	0.21812277	0.019099124	0.2395	4.0	439.30890703201294
150	676.31396	114.930336	835.38513	473.68033	544.0	97.896126	25.965017	123.71074	-12.592551	604000	2.6226044e-09	421.0233	-0.023508733	-287.82465	0.21885403	0.015228017	0.1655	34.0	441.6208288669586
151	585.2486	99.98851	686.6451	435.07297	481.875	105.59919	25.358782	126.32427	-19.548487	608000	3.33786e-08	196.73273	-0.013547936	-135.87762	0.21692477	0.016341511	0.14625	7.0	443.7659068107605
152	656.26166	12.401048	679.1503	633.5867	520.2857	106.679115	18.458195	125.91499	-7.4873776	612000	-1.0490417e-08	173.32634	-0.015138843	-74.2048	0.21598157	0.007736021	0.125	79.0	446.20789194107056
153	571.3247	111.04668	681.5159	393.33893	470.0	102.926636	25.737825	126.119896	-4.617472	616000	-2.2649765e-08	137.14633	-0.013754374	-58.87497	0.22929266	0.016093593	0.13775	13.0	448.3771159648895
154	663.55927	14.074491	688.3642	652.40515	528.2857	103.9692	19.945835	124.179794	3.6466107	620000	-8.702278e-09	215.58015	-0.017351339	-114.31558	0.22804679	0.010444296	0.1445	79.0	450.8246839046478
155	667.8221	15.296123	679.567	633.53546	531.0	104.763336	21.388165	126.39573	-6.8502297	624000	3.0994416e-09	156.1857	-0.012898436	-54.029053	0.21949017	0.015067532	0.16875	30.0	453.1060700416565
156	625.8808	60.97485	660.4909	477.45087	503.2857	108.96868	20.33524	129.28607	-7.028041	628000	-2.002716e-08	231.59785	-0.012742972	-167.18405	0.22272608	0.015282842	0.132	14.0	455.33836007118225
157	662.02637	13.851069	685.8976	639.625	523.8571	107.08825	20.665882	128.1382	-14.336033	632000	-1.9967556e-08	253.06233	-0.011645466	-137.93793	0.22152387	0.0049327747	0.124	79.0	458.0989110469818
158	650.8005	11.839395	672.6219	635.6244	521.4286	105.318596	24.16975	128.46838	2.3032346	636000	4.053116e-09	97.39276	-0.0115915965	-36.856136	0.24255855	0.0151933115	0.12725	19.0	460.31921887397766
159	659.86237	13.40238	681.3641	642.8732	528.0	105.15795	23.460424	129.11504	-8.790857	640000	-2.861023e-09	141.74852	-0.0186185	-69.21836	0.24277578	0.011086081	0.15575	79.0	462.83267188072205
160	652.7446	14.140519	675.66516	632.7045	521.5714	106.39615	23.741928	129.1933	-17.706394	644000	-4.7683715e-09	72.15195	-0.011108117	-24.695312	0.24582174	0.015635282	0.1225	24.0	465.04329109191895
161	652.7493	4.1119432	657.9729	644.838	520.7143	106.388985	22.41139	127.33711	-7.9452496	648000	7.2717667e-09	172.09987	-0.011820045	-91.316635	0.24820745	0.012533483	0.131	79.0	467.5062789916992
162	646.1074	9.536417	656.18713	632.5183	518.2857	105.65595	24.328163	129.43724	-9.157447	652000	-1.6450882e-08	83.12343	-0.015316552	-26.448452	0.2500429	0.015053109	0.131	51.0	470.01334714889526
163	681.11707	58.311874	821.79456	645.30975	543.8571	103.844154	25.511995	129.17682	-11.562059	656000	-3.4570693e-08	199.19705	-0.016560715	-107.95975	0.23769449	0.015133765	0.14	20.0	472.2467200756073
164	649.09534	7.2137256	658.2656	637.22034	519.4286	107.4716	23.197523	130.51439	-11.713032	660000	1.34706495e-08	60.187267	-0.018443454	-28.017567	0.23728724	0.015349402	0.168	72.0	474.6747398376465
165	645.65234	5.296119	652.6453	638.15216	517.1429	105.67395	25.061344	127.81475	-12.083756	664000	2.861023e-09	37.097637	-0.019341523	-14.416548	0.22093053	0.011787918	0.15825	79.0	477.14803099632263
166	622.3284	65.66856	656.20624	461.9211	504.85715	105.34377	25.303621	129.62984	-14.817697	668000	-2.4318695e-08	177.86156	-0.018030318	-147.17809	0.21318778	0.015351521	0.13325	26.0	480.01703810691833
167	653.51807	11.914267	675.762	631.7445	524.2857	103.35079	24.827723	128.75983	-3.852869	672000	2.0205974e-08	176.27109	-0.013931209	-107.38506	0.2127982	0.015937315	0.15925	14.0	482.49490880966187
168	647.63116	8.310892	662.52405	634.54877	518.7143	105.23608	23.063023	126.44165	-11.081802	676000	1.8715859e-08	60.544956	-0.017119907	-33.958336	0.21050157	0.015157228	0.13725	55.0	484.98451709747314
169	616.67645	60.97893	651.3872	468.78198	499.42856	105.902466	24.463259	127.5285	-14.06006	680000	1.424551e-08	178.40648	-0.013157946	-148.5371	0.21998526	0.015939368	0.135	7.0	487.2441289424896
170	648.95374	14.017462	678.5715	633.2216	523.2857	103.21866	26.270447	126.78193	-6.1708946	684000	-3.4570693e-09	137.66399	-0.008471388	-109.00244	0.22117244	0.01503837	0.149	7.0	489.5066750049591
171	630.7957	69.5479	678.5471	464.6991	512.5714	107.11654	23.181215	129.05467	-16.107847	688000	-1.0371208e-08	184.43643	-0.010660865	-139.9002	0.22326282	0.015083089	0.151	7.0	491.7873640060425
172	623.3128	72.928566	664.8337	446.89102	503.57144	104.05877	25.731941	127.17802	-6.899697	692000	-1.7166137e-08	95.10405	-0.009691458	-42.542637	0.22476931	0.015686663	0.134	13.0	494.06849193573
173	612.70544	73.60244	656.3957	433.40656	500.42856	102.41833	27.836529	127.01442	-15.362992	696000	-3.9100648e-08	53.070625	-0.016318882	-21.721895	0.22331464	0.015206171	0.14225	20.0	496.34488010406494
174	653.3605	6.447625	658.4015	640.0235	521.2857	106.82424	20.941528	125.39253	-11.966506	700000	3.516674e-09	127.41727	-0.0016149422	-82.35818	0.22083952	0.01671028	0.2155	3.0	498.5398759841919
175	654.6051	8.606855	665.05	636.5548	521.2857	105.91652	23.776936	127.100006	-11.315873	704000	-2.3841857e-09	59.241177	-0.0010579086	-18.031921	0.22043344	0.016547954	0.1805	2.0	501.17849707603455
176	651.61176	5.718342	658.1441	643.2049	522.1429	106.04333	25.101044	127.53485	-18.734861	708000	1.07288365e-08	39.534164	6.75652e-05	-19.231974	0.22019345	0.018087473	0.1995	2.0	503.4982240200043
177	650.86096	12.734144	674.5843	633.2843	525.0	105.266945	25.80997	127.85499	-24.993073	712000	-1.0490417e-08	40.96663	-0.025731415	-26.803055	0.22000565	0.014132904	0.1925	79.0	505.9144780635834
178	648.6647	12.617777	664.05347	621.4553	520.5714	105.00245	26.261452	125.87984	-14.929778	716000	1.9669534e-08	31.085306	-0.012592232	-12.878679	0.18750888	0.015273454	0.12625	16.0	508.1074528694153
179	655.8027	10.711884	678.9312	640.59125	523.8571	105.55708	24.84754	127.52659	-12.388771	720000	2.6226044e-09	22.112165	-0.014298965	-10.179277	0.18196124	0.015149412	0.16625	25.0	510.31748700141907
180	662.2126	13.081099	675.29504	639.6221	534.7143	104.73128	27.165882	128.1011	-16.997383	724000	-1.1444092e-08	19.399683	-0.009757004	-12.459755	0.17904103	0.01635676	0.10925	9.0	512.5314061641693
181	658.3746	7.7409096	675.92883	651.68506	524.1429	106.296486	23.594831	126.9423	-18.719494	728000	2.4318695e-08	37.900536	-0.016512064	-13.988981	0.17805497	0.015139939	0.16275	59.0	514.9179790019989
182	654.75116	5.8853235	665.7824	644.6655	521.1429	107.20633	23.079311	129.08713	-20.535883	732000	1.4662743e-08	59.042366	-0.016130693	-40.21044	0.17274767	0.010985979	0.148	79.0	517.3941719532013
183	620.2106	77.57449	657.9399	430.69852	500.0	106.765816	23.054735	130.87169	2.9541173	736000	1.7166137e-08	170.00377	-0.023729885	-127.75395	0.17595756	0.009739869	0.16525	79.0	520.1744968891144
184	655.38153	10.76399	677.9662	642.3446	523.1429	105.916046	22.182684	126.88982	-7.628929	740000	-3.4213066e-08	85.02175	-0.015914481	-37.729237	0.17076312	0.011422782	0.147	79.0	522.6976690292358
185	658.9821	7.672362	677.06744	652.3603	526.0	105.441864	25.604126	127.21875	-8.811902	744000	-2.6226044e-09	36.710514	-0.015608913	-22.381283	0.15265852	0.015099941	0.14125	24.0	525.0105657577515
186	660.04785	7.244481	675.3546	649.5244	525.7143	106.140564	24.653837	127.53499	-18.009401	748000	-6.6757204e-09	38.095226	-0.00273596	-17.959408	0.14907241	0.0165415	0.187	3.0	527.1685049533844
187	499.5136	227.2421	675.8942	162.09193	411.22223	104.55011	27.585585	129.55164	-75.87111	752000	1.5735626e-08	266.60184	-0.023338668	-190.76305	0.14869791	0.0067129843	0.1385	79.0	529.8660640716553
188	629.3607	76.50937	677.9332	444.38077	512.2857	102.55691	24.573864	128.27826	-21.387714	756000	2.2888184e-08	217.91077	-0.014409476	-160.30057	0.15159827	0.01690373	0.1175	14.0	532.1310048103333
189	593.2225	161.13687	674.5585	167.97299	479.125	104.18024	26.476273	132.65877	-15.821118	760000	2.861023e-09	85.830284	-0.015698092	-48.654808	0.15112168	0.015063475	0.17125	38.0	534.52263712883
190	467.88885	207.66998	675.72455	168.03583	392.8	98.649376	31.386667	131.9504	-92.480705	764000	6.6757204e-09	297.7491	-0.008372712	-199.50725	0.15202484	0.01697681	0.122	2.0	536.7439680099487
191	592.53345	157.17804	664.22266	177.47856	475.625	100.68884	25.378937	126.92887	-31.502502	768000	2.3841857e-09	84.09128	0.0010868369	-41.61373	0.15210864	0.015467819	0.16775	2.0	538.9997560977936
192	652.2319	11.158301	661.0685	627.3904	517.8571	106.46417	22.836203	128.81721	0.99824965	772000	1.5854836e-08	65.34929	-0.013153479	-26.249268	0.15209514	0.011492797	0.12775	79.0	541.7328989505768
193	584.48773	158.31479	662.16626	166.967	474.375	101.47042	29.878023	132.83595	-30.93453	776000	3.8504602e-08	120.97591	-0.015574606	-80.54835	0.1600596	0.015130705	0.1465	22.0	543.9620678424835
194	653.66016	3.659516	658.96594	646.8578	521.5714	104.932846	24.607262	129.89581	-10.76986	780000	7.629395e-09	89.571236	-0.010771297	-54.58186	0.16367324	0.015148617	0.133	39.0	546.2727909088135
195	653.0753	8.920004	667.4453	638.73914	521.2857	105.89863	24.272629	133.19025	-14.272407	784000	-9.059906e-09	84.56179	-0.00655998	-39.28449	0.1689286	0.015961433	0.18475	10.0	548.4079639911652
196	654.7271	4.9323874	662.60675	646.5951	520.4286	106.00621	24.158958	130.75354	-12.4211235	788000	-1.2397766e-08	57.354	-0.013501829	-27.499905	0.17083706	0.012233821	0.13425	79.0	550.8234870433807
197	644.8957	15.892427	678.9933	624.3953	522.8571	103.65736	27.203955	129.55806	-12.052004	792000	-2.324581e-08	132.86876	-0.0037855355	-112.285675	0.16697976	0.01742056	0.187	3.0	552.99582695961
198	653.8462	17.371643	681.362	630.77	521.2857	107.74845	22.039913	135.37375	-12.073532	796000	-1.1503697e-08	128.37244	-0.014404596	-98.1419	0.16646698	0.015350514	0.15375	59.0	555.4012548923492
199	623.82306	71.25437	664.37213	451.60452	498.57144	108.46481	19.97696	130.16936	25.32013	800000	-3.3378602e-09	254.05925	-0.012084656	-201.79941	0.17547631	0.015173573	0.12825	11.0	557.5871632099152
200	652.94727	6.5446825	659.57025	643.80176	522.4286	103.63332	28.552866	130.25356	-10.676999	804000	-3.0398368e-09	115.00408	-0.011936034	-68.4829	0.17485875	0.01505707	0.13625	25.0	560.0328571796417
201	651.15106	7.6282682	657.7635	633.8545	520.8571	105.57025	24.429605	128.66853	-10.32495	808000	-5.00679e-09	68.725365	-0.01879759	-56.164993	0.16964442	0.015450733	0.13875	28.0	562.7346138954163
202	650.2309	18.457203	677.9442	622.8676	517.4286	108.11291	21.119638	128.1556	-0.8720257	812000	7.1525574e-10	113.04791	-0.013553218	-74.36827	0.16673505	0.010141173	0.1365	79.0	565.3418679237366
203	655.26697	4.133445	662.05615	649.1948	520.4286	105.562874	25.57312	128.60977	-8.465652	816000	7.033348e-09	71.35309	-0.014461081	-41.4124	0.16121663	0.01515505	0.11875	39.0	567.6539180278778
204	661.16205	10.96857	680.27405	648.36865	527.0	105.58661	24.881083	128.80186	-5.15141	820000	-8.5830685e-09	40.843903	-0.016503798	-15.916439	0.1441523	0.01506793	0.13625	32.0	569.992476940155
205	650.5594	16.269855	679.0529	625.75433	516.8571	106.54655	24.82907	130.87439	-12.950634	824000	-1.8835069e-08	107.25352	-0.013693339	-61.758698	0.14066611	0.015024592	0.12575	39.0	572.3009369373322
206	655.2443	16.637255	676.541	625.76526	522.2857	105.796486	25.008589	130.73267	-15.787593	828000	-1.0967255e-08	44.2925	-0.020398827	-24.02595	0.14187777	0.015169473	0.173	56.0	574.724946975708
207	667.99084	13.023979	680.1923	644.65027	527.5714	107.07245	23.07862	129.80907	-7.811283	832000	7.987023e-09	62.90613	-0.015867189	-23.273342	0.13732383	0.012761856	0.13175	79.0	577.2926888465881
208	657.4291	5.55968	664.5048	646.87866	521.2857	108.35408	22.691292	130.78575	-0.85262537	836000	4.887581e-09	61.5301	-0.015128055	-34.428913	0.1373179	0.012200785	0.1395	79.0	579.7545268535614
209	649.1376	9.438209	658.2826	628.9434	518.2857	105.604126	26.689796	129.57266	-11.448801	840000	9.417534e-09	40.426292	-0.009678508	-15.384338	0.14583284	0.015643844	0.11875	16.0	582.0280959606171
210	660.6378	10.8491335	678.7739	647.63226	527.8571	104.03612	26.955038	132.29054	-7.5706377	844000	5.7816507e-09	64.77684	-0.013822828	-32.563583	0.14837706	0.015226858	0.126	33.0	584.3685500621796
211	669.4659	9.851468	681.8352	653.133	533.0	106.08081	25.578497	133.46452	-16.688314	848000	2.861023e-09	44.826008	-0.017087007	-17.476873	0.1466754	0.012273867	0.14875	79.0	587.0308039188385
212	672.0633	9.1123	681.5925	651.84845	536.7143	105.907486	26.67636	131.4688	-10.04304	852000	1.07288365e-08	32.88302	-0.017187484	-22.871971	0.14581925	0.008733116	0.15375	79.0	589.717698097229
213	611.52814	92.07098	679.7105	444.1125	494.75	107.98747	24.821012	134.28506	-13.261938	856000	-4.172325e-09	294.86887	-0.010131567	-184.5545	0.13139538	0.016268281	0.0995	10.0	592.0177969932556
214	636.085	79.56394	686.28253	442.7098	507.57144	104.66029	22.458279	126.60304	-4.3281946	860000	2.3841857e-09	150.54854	-0.0053509553	-84.48344	0.13127363	0.01898718	0.22825	7.0	594.2619378566742
215	606.3808	103.36021	681.06805	439.58026	495.85715	99.51367	32.37257	131.61252	-17.917183	864000	-3.98159e-08	115.986275	-0.008362482	-76.671715	0.1307078	0.016478237	0.2025	7.0	596.4974131584167
