Epoch	AverageEpRet	StdEpRet	MaxEpRet	MinEpRet	EpLen	AverageVVals	StdVVals	MaxVVals	MinVVals	TotalEnvInteracts	LossPi	LossV	DeltaLossPi	DeltaLossV	Entropy	KL	ClipFrac	StopIter	Time
0	-124.60843	69.8002	-69.59017	-241.96977	1000.0	-0.02944046	0.012248981	-0.004306935	-0.060371265	4000	-4.4092538e-08	221.43149	-0.0038583777	-122.34286	0.9189385	0.0062815323	0.0345	79.0	4.358541011810303
1	-196.6493	98.72643	-77.2135	-351.02582	1000.0	-8.697418	0.062625624	-8.480629	-8.809524	8000	1.168251e-08	237.18922	-0.0013263073	-51.166595	0.94302183	0.001533399	0.0095	79.0	6.419055700302124
2	-213.14017	116.566536	-35.176277	-344.43195	1000.0	-14.15217	0.03219772	-14.046195	-14.217586	12000	1.001358e-08	280.51263	-0.0027283835	-13.940094	0.9526729	0.00393754	0.0305	79.0	8.459728717803955
3	-98.52943	46.46061	-35.17556	-166.42572	1000.0	-17.151262	0.017778803	-17.107805	-17.190866	16000	-5.477667e-08	103.71339	-0.00223263	-50.63202	0.9564296	0.0019846682	0.02875	79.0	10.647723913192749
4	-250.66037	194.89236	-95.59462	-574.1548	1000.0	-11.631512	0.06550323	-11.458119	-11.756493	20000	9.298325e-09	544.655	-0.0011109186	-117.490845	0.9561441	0.0021484694	0.022	79.0	12.75901985168457
5	-220.95383	101.36422	-79.57698	-342.3934	1000.0	-19.128992	0.01361845	-19.092644	-19.148018	24000	1.8715859e-08	135.09311	-0.0014811751	-5.7275696	0.94614804	0.0022053805	0.01725	79.0	15.297363996505737
6	-467.93192	464.7528	-53.902996	-1185.3429	1000.0	-20.976095	0.020734131	-20.905342	-21.004175	28000	5.39422e-09	3073.7456	-0.0010248886	-427.99365	0.9501466	0.0017074653	0.02275	79.0	20.25928807258606
7	-339.09338	357.5694	-69.85679	-954.1355	1000.0	-32.532066	0.003926301	-32.51539	-32.537853	32000	5.722046e-09	1274.9281	-0.0026455552	-2.935791	0.9686918	0.0040736943	0.02075	79.0	23.1975679397583
8	-273.84113	138.06097	-150.43587	-502.50595	1000.0	-33.873463	0.0034682099	-33.861824	-33.878067	36000	-1.1920929e-08	451.7346	-0.0016371112	-35.836395	0.96857727	0.0022408194	0.021	79.0	25.451488971710205
9	-145.34749	67.76391	-89.90228	-261.28073	1000.0	-30.599258	0.00213322	-30.59282	-30.602697	40000	5.2928925e-08	400.01123	-0.0030981435	-192.50732	0.9674751	0.003329493	0.0295	79.0	27.79297375679016
10	-79.23344	19.837606	-50.11792	-104.50639	1000.0	-23.096697	0.0014929305	-23.091208	-23.099747	44000	1.4960766e-07	241.78581	-0.002946484	-144.89075	0.98909384	0.003095019	0.02975	79.0	29.92511487007141
11	-110.99979	59.201443	-48.37962	-183.99535	1000.0	-16.618868	0.0018566888	-16.611494	-16.62402	48000	-3.987551e-08	145.05925	-0.002567042	-29.167702	1.0254076	0.004389419	0.02775	79.0	31.94380784034729
12	-636.01086	268.7024	-273.9549	-965.2662	1000.0	-13.571555	0.006380876	-13.5540285	-13.581951	52000	-6.6280364e-08	5092.203	-0.00498645	-1055.1543	1.0117304	0.008001036	0.04125	79.0	33.98158383369446
13	-162.33826	84.0617	-61.73947	-267.9883	1000.0	-27.264809	0.00067901757	-27.262741	-27.26611	56000	-1.3232231e-08	276.15387	-0.0010005422	-27.28212	1.0377452	0.0014157195	0.0045	79.0	36.029770851135254
14	-159.2916	43.77167	-102.09551	-224.07375	1000.0	-25.675167	0.00056783325	-25.67348	-25.676453	60000	2.360344e-08	235.4708	-0.0015317117	-52.404114	1.0254003	0.0016545083	0.0095	79.0	38.08623480796814
15	-155.68225	110.43668	-17.330599	-314.83374	1000.0	-22.620787	0.00050561817	-22.618633	-22.621916	64000	8.940697e-09	254.0495	-0.0004065002	-40.560547	0.9985829	0.0014629088	0.0085	79.0	40.08991098403931
16	-87.6658	76.1227	-20.838993	-217.0723	1000.0	-19.873993	0.00041393877	-19.872198	-19.874863	68000	4.1007997e-08	200.12216	-0.0023758113	-62.93097	0.9887294	0.0021249563	0.0165	79.0	42.09508776664734
17	-51.023056	29.804749	-19.915346	-100.22374	1000.0	-16.445234	0.00035616837	-16.443882	-16.446123	72000	-2.8073787e-08	142.29623	-0.003227988	-65.50181	0.9995001	0.005280619	0.0225	79.0	44.18346691131592
18	-287.04465	41.910954	-240.24667	-342.33603	1000.0	-12.867632	0.00045688255	-12.866666	-12.868706	76000	-1.6272068e-08	654.6648	-0.0019962995	-72.298584	1.0038719	0.0035355622	0.021	79.0	46.44823598861694
19	-158.01337	52.78265	-105.359604	-240.49957	1000.0	-16.362474	0.0005172173	-16.360018	-16.363522	80000	-8.5830685e-09	112.50052	-0.00363277	-0.9973831	1.0094746	0.006342488	0.03875	79.0	48.722898960113525
20	-156.42712	84.9033	-42.50505	-264.11545	1000.0	-16.066505	0.0005483294	-16.064411	-16.06787	84000	-3.5405158e-08	206.50497	-0.0012439827	-8.117416	1.0278739	0.00041211367	0.008	79.0	50.89794874191284
21	-168.8201	83.32464	-114.68489	-312.99203	1000.0	-14.7591915	0.00083740556	-14.755593	-14.760591	88000	-1.5497208e-09	157.64665	-0.0010978519	-0.33784485	0.9977314	0.0010959732	0.01575	79.0	52.89293384552002
22	-60.08807	27.284721	-24.260542	-100.99974	1000.0	-14.976768	0.00052108004	-14.97425	-14.9778	92000	2.515316e-08	102.69203	-0.0009442693	-44.068813	1.0108795	0.0031692034	0.00575	79.0	54.89317083358765
23	-84.611984	46.916683	-51.00606	-164.93802	1000.0	-11.898846	0.00043655973	-11.897368	-11.899701	96000	-1.579523e-08	65.879105	-0.0030956385	-12.235588	1.0161351	0.0009144507	0.01725	79.0	56.91663098335266
24	-98.56073	38.375023	-33.474968	-132.75845	1000.0	-10.099187	0.0004815171	-10.097361	-10.10021	100000	-1.5377998e-08	69.47774	-0.0010130957	-2.7728882	1.0219659	0.001338072	0.01175	79.0	58.9333758354187
25	-100.04819	83.71173	-41.05482	-243.06372	1000.0	-9.226773	0.0004647876	-9.222949	-9.227723	104000	3.516674e-09	134.98067	-0.00035544724	-1.1868134	1.0295868	0.0010708234	0.001	79.0	60.9585919380188
26	-90.48728	23.194445	-53.333202	-117.07322	1000.0	-8.655227	0.00041257907	-8.653607	-8.656242	108000	1.7762185e-08	42.426517	-0.0012784881	-0.9764633	1.0383263	0.0021388717	0.01625	79.0	62.93845772743225
27	-53.916313	11.78664	-37.299084	-70.37022	1000.0	-8.132561	0.00027131446	-8.131727	-8.133448	112000	4.130602e-08	23.00994	-0.0013771203	-7.108124	1.0567589	0.0019811378	0.0105	79.0	64.95626497268677
28	-88.53144	59.619244	-21.170424	-183.06393	1000.0	-6.729109	0.00030461265	-6.7274957	-6.729957	116000	-1.013279e-08	68.21934	-0.00094483595	0.0054016113	1.0553446	0.0010517377	0.007	79.0	66.95496392250061
29	-46.274284	19.418339	-20.374846	-74.55455	1000.0	-6.6403866	0.00028041823	-6.638462	-6.640894	120000	-2.6226044e-09	19.442165	-0.0035600045	-4.395941	1.039334	0.005075575	0.025	79.0	68.95157074928284
30	-23.680246	10.376057	-11.436805	-39.65913	1000.0	-5.5051565	0.00026275642	-5.5038967	-5.5056334	124000	2.6464463e-08	15.709937	-0.0035753362	-8.69264	1.0513088	0.0040517054	0.03825	79.0	70.98278880119324
31	-34.547184	12.769652	-14.082421	-45.52307	1000.0	-3.8314862	0.00019400998	-3.8306184	-3.832091	128000	1.0490417e-08	13.303562	-0.0037250519	-2.4170895	1.0795946	0.002959815	0.0265	79.0	72.9930579662323
32	-48.81826	24.783945	-8.236231	-75.04388	1000.0	-2.8963218	0.00015857202	-2.8949995	-2.8967545	132000	1.6093255e-08	27.160128	-0.0017762895	-0.04764366	1.1203107	0.0001936736	0.004	79.0	75.0333366394043
33	-59.177208	41.211113	-18.835808	-123.68634	1000.0	-2.740786	0.00014442315	-2.7400932	-2.7414694	136000	7.867813e-09	52.875526	-0.004441219	-0.11487579	1.104144	0.0020388442	0.01725	79.0	77.01997995376587
34	-51.743656	42.800354	-18.355658	-123.78143	1000.0	-2.9381616	0.00015435375	-2.93759	-2.9387872	140000	-3.5762786e-09	47.45057	-0.0023305845	-0.05934143	1.1363593	0.0026551136	0.01725	79.0	79.02014994621277
35	-47.87526	24.594572	-25.900541	-88.061775	1000.0	-3.0915976	0.00021490561	-3.0905316	-3.0920577	144000	-4.053116e-09	21.511526	-0.0032391597	-0.0042362213	1.1353896	0.004782913	0.03675	79.0	81.01511073112488
36	-19.43401	12.150303	-7.0700364	-32.16099	1000.0	-3.1359775	0.00014801614	-3.134962	-3.136256	148000	2.503395e-09	6.4281955	-0.0010809554	-2.1874208	1.1638585	0.0022464143	0.01625	79.0	83.55311274528503
37	-91.30894	55.53214	-35.48116	-174.94157	1000.0	-2.2083209	0.00014761902	-2.2072926	-2.2090015	152000	2.4914742e-08	122.39459	-0.0037810202	-6.501396	1.182044	0.0031071662	0.0415	79.0	85.61626172065735
38	-48.636932	44.135757	-20.113811	-125.01165	1000.0	-3.8127046	0.00019544442	-3.8107429	-3.8130786	156000	9.536744e-10	33.10903	-0.0025830178	-0.09207916	1.1641713	0.002672927	0.01375	79.0	87.6554799079895
39	-77.78911	75.108475	-12.69325	-200.16783	1000.0	-3.655749	0.00016753458	-3.6538618	-3.6564143	160000	-8.5830685e-09	102.74872	-0.0023958988	-2.3102493	1.1824453	0.0017148908	0.01375	79.0	89.66769409179688
40	-69.10269	44.621624	-28.302675	-142.19052	1000.0	-4.658576	0.00016077026	-4.6570807	-4.659136	164000	-9.059906e-09	55.40585	-0.006445025	0.001499176	1.1906732	0.004867748	0.034	79.0	91.69405388832092
41	-42.74079	14.99977	-27.681835	-58.46079	1000.0	-4.6889453	0.0001407287	-4.6883416	-4.689659	168000	-8.702278e-09	18.926926	-0.0024818634	-3.7247248	1.2325453	0.0014638068	0.007	79.0	93.69429397583008
42	-26.081919	12.07549	-9.157543	-42.74884	1000.0	-3.352776	0.00013444119	-3.351573	-3.3530447	172000	-1.5616417e-08	6.387203	-0.0002743831	-1.5432673	1.2042619	0.002234341	0.0075	79.0	95.6957859992981
43	-19.432447	11.800542	-8.114146	-37.244236	1000.0	-2.44655	0.00011365941	-2.4457183	-2.447119	176000	-1.1444092e-08	3.7346559	-0.0020399517	-0.7711077	1.201066	0.0021541251	0.01075	79.0	97.70538067817688
44	-17.343739	17.51747	-5.990278	-47.655933	1000.0	-1.7986917	8.185906e-05	-1.7978321	-1.7990768	180000	6.7949295e-09	5.483411	-0.0015149148	-0.2614174	1.1770039	0.0022659297	0.008	79.0	99.71633195877075
45	-28.086697	20.320133	-7.447074	-61.810246	1000.0	-1.4124424	5.7473324e-05	-1.4122605	-1.4126651	184000	-1.6689301e-09	8.930494	-0.0011584172	-0.04892826	1.1924292	0.0038703051	0.0195	79.0	101.73334074020386
46	-60.875507	28.312973	-21.618546	-93.11505	1000.0	-1.5711509	8.27113e-05	-1.5704345	-1.5715423	188000	6.198883e-09	33.23578	-0.0023913004	-5.301056	1.1799052	0.0053863414	0.05275	79.0	103.73741483688354
47	-60.03933	37.182396	-5.6889706	-99.42645	1000.0	-3.320996	0.0001181646	-3.3206437	-3.3217888	192000	5.841255e-09	46.98313	-0.0011208623	-0.04133606	1.1698676	0.0011205291	0.006	79.0	105.74776792526245
48	-52.944138	37.350426	-10.462454	-102.236465	1000.0	-3.5097082	0.00012348895	-3.5090072	-3.5104976	196000	-6.6757204e-09	33.83036	-0.0011160922	-0.07462692	1.176425	0.0018004712	0.007	79.0	107.74755883216858
49	-63.344173	53.592316	-19.434734	-152.23161	1000.0	-3.2956622	0.0001208777	-3.29411	-3.295984	200000	2.2053719e-08	58.49927	-0.0017528823	-0.24724197	1.1723024	0.0025938735	0.0095	79.0	109.73667502403259
50	-44.12134	20.638329	-9.037041	-60.990635	1000.0	-3.6904683	0.00010161234	-3.689638	-3.6910465	204000	8.702278e-09	12.534144	-0.00084269885	-0.37473297	1.1849134	0.00096607563	0.0045	79.0	111.73849701881409
51	-111.72101	64.650475	-12.879857	-179.5221	1000.0	-3.1973672	0.00012583313	-3.196244	-3.1975694	208000	3.7550926e-08	115.12197	-0.0011943469	-20.22625	1.1965734	0.001028193	0.01725	79.0	113.7553129196167
52	-159.80493	107.98458	-24.13766	-313.95782	1000.0	-6.881067	0.00023383189	-6.8780766	-6.8823175	212000	1.3351441e-08	252.8258	-0.00722581	-23.752228	1.1914015	0.008236753	0.0525	79.0	115.76316475868225
53	-50.290985	36.675316	-11.724949	-109.43604	1000.0	-10.941254	0.0001410136	-10.940151	-10.941611	216000	-2.6702882e-08	61.796944	-0.002327486	-41.94138	1.2381288	0.0025730045	0.0095	79.0	117.79807901382446
54	-22.434849	16.352146	-4.5350094	-39.85224	1000.0	-5.6785126	9.190293e-05	-5.677992	-5.6787753	220000	3.552437e-08	16.485825	-0.0024675906	-11.890035	1.2547625	0.005046604	0.02575	79.0	119.82900094985962
55	-64.74159	32.43158	-14.317176	-102.412704	1000.0	-2.7684193	9.3554205e-05	-2.7677817	-2.7691672	224000	2.2888184e-08	34.91585	-0.00077386113	-2.5132828	1.2593268	0.0010081519	0.006	79.0	121.82591581344604
56	-100.34442	40.801018	-47.56935	-158.56062	1000.0	-4.0682535	0.00013213172	-4.0668077	-4.069193	228000	-1.3113022e-08	77.18622	-0.00089980627	-8.242233	1.2713641	0.0010392444	0.01125	79.0	123.81745886802673
57	-66.23596	25.035275	-40.731087	-107.46915	1000.0	-6.515883	0.00014070985	-6.5147815	-6.5169764	232000	-4.5895576e-09	11.218011	-0.0015664541	-0.15130329	1.2839699	0.0052983714	0.01325	79.0	125.81732392311096
58	-48.58037	33.31743	-12.078938	-102.71756	1000.0	-6.201915	0.00013511958	-6.2003727	-6.202843	236000	9.536744e-10	16.16691	-0.0023737173	-3.6494436	1.2834288	0.0016968484	0.01575	79.0	127.80513095855713
59	-80.430504	41.665443	-26.457718	-131.07553	1000.0	-4.5322394	0.00012695367	-4.531813	-4.533154	240000	5.3644182e-09	64.35634	-0.0017039235	-0.2639618	1.2806312	0.0022024103	0.0095	79.0	129.80311179161072
60	-99.43521	57.56857	-7.617686	-160.95659	1000.0	-4.975127	0.00012287401	-4.9737983	-4.975768	244000	3.2901763e-08	69.92076	-0.0018442218	-5.746971	1.2589561	0.0029243485	0.04475	79.0	131.82089185714722
61	-71.00061	54.421604	-3.8281143	-147.99527	1000.0	-7.1241827	8.700301e-05	-7.123561	-7.1247387	248000	1.7881393e-09	54.28486	-0.0024870571	-3.5335464	1.239582	0.0047749574	0.0225	79.0	133.80198764801025
62	-24.3172	17.421242	-6.6488576	-49.99729	1000.0	-5.434055	8.169288e-05	-5.4334316	-5.434555	252000	-7.2479246e-08	15.721933	-0.003823582	-10.236062	1.2294257	0.0015976774	0.0195	79.0	135.8022210597992
63	-48.726894	31.079157	-8.39653	-95.3847	1000.0	-2.5055118	7.399027e-05	-2.5048096	-2.5059037	256000	-1.7762185e-08	23.67654	-0.003352363	-0.39425087	1.2079772	0.0051309317	0.03925	79.0	137.80285382270813
64	-45.252594	13.012759	-24.004	-58.20956	1000.0	-3.0733798	7.5171025e-05	-3.0727012	-3.0739424	260000	1.5497207e-08	10.630584	-0.0010717949	-0.043380737	1.1846064	0.0010690617	0.00175	79.0	139.79874300956726
65	-57.24109	42.395313	-11.806802	-117.16329	1000.0	-3.2708037	9.2732735e-05	-3.2698357	-3.2713437	264000	8.8214875e-09	42.022022	-0.0012140358	-0.04480362	1.1796451	0.0017170409	0.02425	79.0	143.09245371818542
66	-76.90432	37.238586	-21.586283	-119.78016	1000.0	-3.471482	0.00013321837	-3.4700365	-3.471705	268000	1.192093e-10	51.21533	-0.0012724451	-1.9131355	1.1719018	0.001118999	0.0055	79.0	145.3864939212799
67	-56.93298	23.209415	-33.6567	-82.39221	1000.0	-4.7939525	0.00010423638	-4.793539	-4.794699	272000	7.390976e-09	17.11189	-0.0032476885	-0.1968975	1.1802202	0.0033391833	0.025	79.0	147.4258439540863
68	-52.703697	34.422787	-13.910144	-88.45233	1000.0	-4.3678164	0.00013966695	-4.366856	-4.3684382	276000	-2.0742416e-08	14.395975	-0.0027483194	-0.04901886	1.2209562	0.0029697216	0.03	79.0	149.53007674217224
69	-23.359888	15.32633	-6.2167077	-43.70587	1000.0	-4.1513643	9.712126e-05	-4.150481	-4.1520214	280000	-1.45435335e-08	9.369758	-0.0048095468	-5.050324	1.2245177	0.0023863988	0.023	79.0	151.5632519721985
70	-63.540474	82.380714	-6.705831	-205.85487	1000.0	-1.9469129	6.651062e-05	-1.9463613	-1.9474139	284000	1.29342075e-08	83.631	-0.001564122	-6.7368317	1.250714	0.019224891	0.2655	3.0	153.4257309436798
71	-189.3485	72.72795	-72.93209	-252.56615	1000.0	-4.5031295	0.00011517832	-4.502154	-4.503917	288000	-1.2159347e-08	206.91039	-0.00092588854	-115.91054	1.2516869	0.001981007	0.00375	79.0	155.44131088256836
72	-55.771347	7.2310967	-45.40818	-65.408195	1000.0	-14.588323	0.00013846603	-14.586403	-14.588933	292000	7.009506e-08	88.964424	-0.0011501971	-76.448	1.2293091	0.0045701666	0.03775	79.0	157.45243906974792
73	-190.73808	62.22273	-93.54587	-266.5104	1000.0	-6.745301	0.00024797107	-6.7418566	-6.746194	296000	3.9339065e-09	197.12944	-0.003404279	-83.74451	1.2192832	0.0023390017	0.02875	79.0	159.52772974967957
74	-110.79184	69.71985	-57.15791	-230.22896	1000.0	-14.636369	9.186352e-05	-14.6358795	-14.636824	300000	1.9431114e-08	75.41942	-0.0017776497	-7.7083282	1.2458335	0.0019381437	0.02875	79.0	161.51889085769653
75	-89.2726	24.665018	-54.498783	-115.40151	1000.0	-12.284922	0.00018160653	-12.283527	-12.285217	304000	1.692772e-08	41.85736	-0.0011461992	-13.485674	1.2221576	0.0016154449	0.016	79.0	163.56353378295898
76	-130.1715	125.77925	-20.30131	-328.1097	1000.0	-9.045523	0.00017954822	-9.044019	-9.045913	308000	-6.0796737e-09	155.90483	-0.0024871107	-4.775772	1.222335	0.0034970087	0.0255	79.0	165.58631587028503
77	-37.35723	29.138405	-11.210795	-82.07084	1000.0	-10.960231	9.499878e-05	-10.95993	-10.960884	312000	9.918213e-08	54.65518	-0.001736887	-43.756577	1.2306403	0.0044912016	0.02575	79.0	167.57495498657227
78	-160.10321	101.12923	-39.39713	-300.4921	1000.0	-5.1670933	0.00020112252	-5.1651807	-5.1681952	316000	-5.042553e-08	212.8945	-0.0018502263	-47.744507	1.2367979	0.0017701003	0.01575	79.0	169.58828783035278
79	-74.74702	56.35576	-7.7815604	-149.45692	1000.0	-11.101039	0.00017647863	-11.09863	-11.10196	320000	9.536743e-09	73.709816	-0.0018063048	-21.69532	1.2552016	0.0007963835	0.0165	79.0	171.61132168769836
80	-145.55954	92.700806	-30.560455	-254.49684	1000.0	-7.127922	0.0001363386	-7.1264863	-7.1288586	324000	4.529953e-09	130.89816	-0.002293328	-22.598068	1.2621845	0.0054484084	0.03625	79.0	173.63278985023499
81	-57.833637	33.003654	-6.3416104	-97.847916	1000.0	-11.202424	0.00013579574	-11.200818	-11.202666	328000	-2.4318695e-08	60.261875	-0.0012939082	-37.193047	1.2478398	0.0005196861	0.0055	79.0	175.63920092582703
82	-45.949497	62.83126	-5.226801	-154.63722	1000.0	-5.999506	0.00017585143	-5.99783	-6.0003757	332000	-2.2470951e-08	46.184566	-0.0027515043	-4.568432	1.2161657	0.0026516938	0.0125	79.0	177.63799595832825
83	-39.10774	7.691891	-27.303612	-46.81831	1000.0	-4.100033	0.00010668973	-4.099669	-4.100626	336000	-9.536744e-10	3.0940514	-0.002329836	-0.26909566	1.2250055	0.002908608	0.00925	79.0	179.70069670677185
84	-96.52476	63.383877	-5.3060427	-168.75449	1000.0	-3.6317978	0.00015510083	-3.6306481	-3.632434	340000	7.1525574e-10	75.0381	-0.0021831058	-15.278553	1.2032586	0.0018276443	0.0045	79.0	181.6996259689331
85	-153.52806	85.4264	-24.160404	-239.94423	1000.0	-7.092394	0.00019110084	-7.091819	-7.0929856	344000	1.8835069e-08	128.11604	-0.0012282269	-33.67611	1.1921786	0.0038303426	0.03075	79.0	183.70346188545227
86	-69.910645	39.72613	-20.399576	-126.68155	1000.0	-12.239176	9.3846815e-05	-12.238528	-12.239403	348000	2.4676323e-08	61.915176	-0.001137643	-32.543457	1.1703986	0.004393713	0.029	79.0	185.72965097427368
87	-339.73032	217.93326	-48.993034	-572.8902	1000.0	-7.265448	0.00023293804	-7.2635374	-7.2663183	352000	6.508827e-08	967.1696	-0.0014750957	-488.79132	1.154627	0.0014699841	0.005	79.0	187.71997094154358
88	-472.4945	51.064762	-430.97537	-559.5968	1000.0	-23.109785	4.0510353e-05	-23.109365	-23.10991	356000	-1.2874604e-08	529.80475	-0.0010412243	-393.66855	1.1357707	0.0028660079	0.009	79.0	189.76834893226624
89	-170.18037	162.70354	-47.320873	-450.2392	1000.0	-35.881603	3.0214413e-05	-35.88135	-35.88167	360000	6.0796737e-09	557.8661	-0.00042542588	-220.71106	1.1313486	0.002356835	0.00725	79.0	191.75895190238953
90	-140.2079	95.96609	-5.3519626	-268.24023	1000.0	-27.535961	2.9359186e-05	-27.535866	-27.536093	364000	-9.3221665e-08	293.56042	-0.0012574238	-141.21951	1.135805	0.0023930627	0.00875	79.0	193.76257300376892
91	-43.211933	36.406284	-5.818615	-81.26931	1000.0	-20.501684	2.2240169e-05	-20.5015	-20.50176	368000	2.2244454e-07	245.60027	-0.0035034344	-163.43362	1.1268768	0.0037249038	0.018	79.0	195.78440976142883
92	-148.4154	90.906334	-38.851322	-280.87314	1000.0	-13.194567	5.5775872e-05	-13.193913	-13.194681	372000	7.987023e-09	156.74435	-0.0012103857	-2.3937225	1.1309652	0.0016159763	0.01175	79.0	197.78441071510315
93	-112.73925	81.02158	-5.3698573	-199.94257	1000.0	-12.065824	3.4111486e-05	-12.065464	-12.066011	376000	-1.3828277e-08	104.12781	-0.0020007773	-5.4945984	1.1489942	0.0023750835	0.01325	79.0	199.79011297225952
94	-79.028946	50.45137	-21.84895	-157.6819	1000.0	-10.715505	4.5841163e-05	-10.714819	-10.715656	380000	3.2782555e-08	58.0292	-0.0014117542	-12.661346	1.1705207	0.0029504786	0.01025	79.0	201.86385202407837
95	-87.546265	50.93346	-7.4502463	-144.22316	1000.0	-8.610022	3.4709537e-05	-8.609846	-8.610364	384000	-2.3841857e-09	74.06646	-0.002061688	-4.5346756	1.1988182	0.0024694107	0.00525	79.0	203.86618900299072
96	-115.35882	82.973404	-11.577936	-242.44435	1000.0	-7.2873287	5.6315475e-05	-7.286692	-7.287655	388000	1.9311905e-08	138.62282	-0.006504168	-1.1085052	1.2047359	0.004173455	0.041	79.0	205.89058184623718
97	-74.40461	39.640907	-8.362517	-112.500984	1000.0	-7.8851657	4.3803964e-05	-7.884885	-7.8854704	392000	-1.7166137e-08	50.629524	-0.0021246714	-4.0613213	1.2331542	0.0048888726	0.031	79.0	207.88503980636597
98	-98.22145	71.70741	-20.757944	-211.92665	1000.0	-6.67287	9.6824835e-05	-6.67205	-6.6730537	396000	-2.0623206e-08	67.32295	-0.0019411446	-1.5132599	1.2290801	0.003797047	0.01925	79.0	209.93712377548218
99	-65.580986	69.7659	-6.5377927	-184.43068	1000.0	-7.403002	6.1415e-05	-7.402593	-7.403374	400000	-1.40070915e-08	87.701225	-0.0017221142	-5.6152954	1.2348765	0.0014465076	0.00925	79.0	211.9723219871521
100	-58.887505	29.12338	-11.145234	-85.80775	1000.0	-5.9219565	6.0994924e-05	-5.9217205	-5.9222364	404000	1.001358e-08	37.291447	-0.004118478	-4.2587395	1.2503887	0.0030730343	0.01625	79.0	213.98686480522156
101	-49.869324	36.754932	-11.167985	-88.01147	1000.0	-4.542292	8.296434e-05	-4.5415287	-4.542656	408000	-4.4107438e-09	36.46805	-0.0009610478	-1.8202248	1.2765609	0.0003441269	0.004	79.0	216.02210474014282
102	-25.845516	10.968672	-16.30862	-43.66327	1000.0	-3.6191978	0.00010082252	-3.6182034	-3.6193821	412000	5.1259996e-09	8.835238	-0.001476294	-3.0895443	1.2837203	0.0035873614	0.01725	79.0	218.02712392807007
103	-18.990522	8.593609	-7.13636	-31.428703	1000.0	-2.3013053	9.844849e-05	-2.3007784	-2.3016605	416000	1.4305115e-09	2.5961473	-0.0029245405	-0.9650265	1.2766122	0.0020608539	0.03225	79.0	220.02762699127197
104	-30.14376	9.764767	-14.52235	-39.26006	1000.0	-1.6064743	0.00016711881	-1.6055064	-1.6068629	420000	2.3841857e-09	5.3290424	-0.00047146392	-0.0051617622	1.2489129	0.00080520747	0.0035	79.0	222.01410579681396
105	-26.163301	13.362429	-8.564736	-45.944897	1000.0	-1.6441954	9.9752026e-05	-1.6435667	-1.644641	424000	9.059906e-09	3.9312537	-0.0022747018	-0.0057122707	1.2509289	0.0036339532	0.01275	79.0	224.02560997009277
106	-64.583595	19.423918	-31.343702	-79.899536	1000.0	-1.7000141	0.00015678458	-1.6993778	-1.700453	428000	-5.2452087e-09	36.09874	-0.0006336688	-3.1846695	1.2533144	0.004686431	0.01425	79.0	226.02237677574158
107	-87.83819	9.65614	-77.17247	-103.46386	1000.0	-2.9918172	9.852951e-05	-2.9913652	-2.9922566	432000	-8.940697e-09	42.6722	-0.0030766483	-8.311775	1.249861	0.003726073	0.02725	79.0	228.01612281799316
108	-77.607056	20.613098	-56.678185	-111.5392	1000.0	-5.1353383	0.00010004191	-5.134934	-5.1356926	436000	-2.9802322e-08	20.810383	-0.0019439164	-0.41228485	1.293151	0.0011852365	0.0065	79.0	230.04316782951355
109	-66.73017	31.353792	-35.256557	-117.66294	1000.0	-5.6552377	6.572975e-05	-5.654922	-5.6555076	440000	1.090765e-08	21.793072	-0.0019046778	-0.0064735413	1.2940568	0.004433346	0.052	79.0	232.02924990653992
110	-38.356476	14.805894	-18.267628	-53.236347	1000.0	-5.599832	6.9290254e-05	-5.5995717	-5.6000657	444000	1.0609627e-08	13.726184	-0.0016197282	-5.9648714	1.2834425	0.0026676399	0.0315	79.0	234.04345893859863
111	-18.464817	13.163999	-6.289846	-40.40103	1000.0	-3.710184	5.2888034e-05	-3.7100332	-3.710364	448000	2.5391579e-08	6.4953504	-0.0015202623	-4.0960665	1.2803009	0.001806263	0.004	79.0	236.036278963089
112	-53.552536	27.925524	-16.004978	-91.8027	1000.0	-2.091611	8.4922634e-05	-2.0909746	-2.0917928	452000	-4.887581e-09	32.227753	-0.0016073197	-1.41292	1.2555591	0.0018881093	0.00875	79.0	238.04259300231934
113	-89.3521	28.886507	-52.749695	-130.98344	1000.0	-3.0196192	0.0001228321	-3.0190525	-3.019916	456000	-1.3113022e-09	76.19537	-0.005219662	-5.1830597	1.2552377	0.0045781755	0.0435	79.0	240.05775094032288
114	-46.317677	19.142836	-22.81129	-70.85974	1000.0	-4.877897	9.962186e-05	-4.8774047	-4.8780603	460000	3.8146974e-09	15.246444	-0.0053660963	-2.8770065	1.3012459	0.003418827	0.02775	79.0	242.05479884147644
115	-27.84448	5.9428124	-17.708902	-32.708496	1000.0	-3.5046513	7.217857e-05	-3.5042598	-3.5048416	464000	7.390976e-09	3.8685753	-0.0016123577	-1.2120421	1.3319638	0.0028624781	0.0155	79.0	244.07682585716248
116	-30.457157	13.357665	-11.459438	-44.702076	1000.0	-2.5680676	9.339172e-05	-2.5675783	-2.568235	468000	5.9604646e-09	6.0879045	-0.00060673594	-0.27763987	1.3124962	0.0015266219	0.00625	79.0	246.09461498260498
117	-60.34767	23.271606	-27.735395	-82.55485	1000.0	-2.1124947	8.046343e-05	-2.1121814	-2.1127245	472000	1.5377998e-08	30.79937	-0.0029200623	-3.3209476	1.3226161	0.0033826774	0.02625	79.0	248.08755779266357
118	-41.49167	18.04774	-20.010254	-61.512165	1000.0	-3.677393	9.557185e-05	-3.6769536	-3.6776497	476000	-1.9669534e-08	8.812817	-0.001182295	-0.17371273	1.3076822	0.0014389799	0.0115	79.0	250.0968508720398
119	-56.62362	29.997519	-10.84308	-92.641525	1000.0	-3.3258653	9.673882e-05	-3.3254437	-3.3261237	480000	-2.3841857e-09	27.171139	-0.0019196536	-0.12528801	1.3227394	0.0030895234	0.032	79.0	252.19318079948425
120	-34.790337	21.229977	-13.830731	-69.840034	1000.0	-3.6364615	6.656117e-05	-3.6362617	-3.6366818	484000	-2.0861625e-08	8.263133	-0.0029214337	-1.2349005	1.3148414	0.004321788	0.0515	79.0	254.21830296516418
121	-46.22103	16.81481	-21.179287	-62.20734	1000.0	-2.6398647	0.00010499175	-2.6393988	-2.6400902	488000	-9.059906e-09	16.194897	-0.00185906	-0.082099915	1.294909	0.0009726231	0.01375	79.0	256.2055878639221
122	-37.555916	30.245352	-13.755148	-89.185394	1000.0	-2.3735259	6.593731e-05	-2.3731701	-2.3737206	492000	-2.193451e-08	19.47201	-0.0019860652	-0.0015354156	1.2955617	0.0009251989	0.01975	79.0	258.2009997367859
123	-66.05888	28.126764	-22.133081	-90.72203	1000.0	-2.4086685	9.332121e-05	-2.4082413	-2.4089007	496000	1.26361845e-08	41.36741	-0.002835573	-1.31847	1.3293105	0.0040875236	0.025	79.0	260.204628944397
124	-27.721754	3.6858692	-21.925606	-32.060036	1000.0	-3.4811742	5.333644e-05	-3.4808857	-3.4813454	500000	2.9802322e-08	4.3971553	-0.0027046388	-1.805995	1.3279916	0.0027055526	0.018	79.0	262.20122480392456
125	-25.186468	12.906986	-9.928504	-43.526756	1000.0	-2.2158442	6.0282266e-05	-2.215504	-2.216011	504000	6.7949295e-09	5.1029105	-0.002751577	-0.2825241	1.3292135	0.0059139044	0.02625	79.0	264.2017557621002
126	-30.791	23.003302	-10.176937	-69.80795	1000.0	-1.7054178	4.030467e-05	-1.7051842	-1.7055576	508000	-2.503395e-09	12.697593	-0.0020019547	-0.005883217	1.3615546	0.015016386	0.2415	4.0	265.92426085472107
127	-32.717907	6.3266225	-23.192036	-40.280243	1000.0	-1.6307008	3.404854e-05	-1.6305525	-1.6308529	512000	1.6212464e-08	3.6783695	-0.0035044977	-1.0180581	1.3629819	0.007866817	0.0635	79.0	267.9448356628418
128	-35.210323	20.01475	-14.009546	-57.598164	1000.0	-2.612423	7.46042e-05	-2.6120124	-2.6126032	516000	-1.6212464e-08	10.226609	-0.0015756723	-0.2307787	1.3411447	0.0036578872	0.02225	79.0	269.970773935318
129	-44.606785	21.880613	-20.309978	-79.74177	1000.0	-2.1418967	6.4114996e-05	-2.1415403	-2.1420965	520000	9.417534e-09	21.762915	-0.0032733998	-0.018457413	1.3302441	0.0041655777	0.0215	79.0	272.0064888000488
130	-43.131443	18.075577	-23.006878	-67.775185	1000.0	-2.2759612	4.331847e-05	-2.275778	-2.2760983	524000	7.390976e-09	15.762629	-0.003253659	-0.010705948	1.3288554	0.0028463362	0.01025	79.0	274.1723036766052
131	-24.988169	10.8109255	-10.910854	-41.288948	1000.0	-2.3790417	5.1705294e-05	-2.3786635	-2.3791966	528000	-3.695488e-09	5.3592334	-0.002659515	-0.5480828	1.3516034	0.00043034612	0.0185	79.0	276.3741648197174
132	-38.93138	37.93818	-14.605797	-104.557816	1000.0	-1.6368862	3.8564413e-05	-1.6365435	-1.6370245	532000	-1.180172e-08	30.190338	-0.0017641826	-0.14068604	1.358839	0.002363103	0.01625	79.0	278.49009680747986
133	-40.26644	18.303125	-13.045812	-57.46644	1000.0	-2.014582	4.4959936e-05	-2.0143542	-2.014736	536000	-9.536743e-09	11.938034	-0.0017355856	-0.009683609	1.3661298	0.00081760227	0.00375	79.0	280.5214238166809
134	-27.275135	8.076613	-14.718034	-37.26486	1000.0	-2.114158	3.5764537e-05	-2.1139622	-2.114276	540000	-3.8146974e-09	3.0212789	-0.001914048	-0.012448788	1.3570727	0.0007943071	0.017	79.0	282.5258369445801
135	-41.07754	17.45638	-17.207102	-64.986984	1000.0	-2.0008714	4.1557993e-05	-2.0006826	-2.0010967	544000	-1.6689301e-09	11.952218	-0.0051450813	-0.1001358	1.3512987	0.0031308585	0.0385	79.0	284.5972979068756
136	-50.22167	10.682931	-33.36764	-62.77452	1000.0	-2.323191	6.2510895e-05	-2.3229032	-2.323453	548000	-2.6226044e-09	18.500391	-0.0016067	-0.35513306	1.3964442	0.00236277	0.021	79.0	286.6151177883148
137	-40.82734	28.617088	-22.20065	-90.32901	1000.0	-2.9313016	9.8138895e-05	-2.9309714	-2.9319608	552000	8.5830685e-09	16.912954	-0.0033168164	-0.0045394897	1.3884804	0.0015483093	0.00975	79.0	288.60500383377075
138	-40.49156	31.21854	-12.516431	-92.32921	1000.0	-2.8650718	7.806928e-05	-2.8645217	-2.8652964	556000	3.0994416e-09	21.971588	-0.0041628946	-0.16863632	1.4036802	0.0008199414	0.027	79.0	290.60942792892456
139	-39.565193	27.195223	-17.61594	-86.0118	1000.0	-2.4456196	5.670328e-05	-2.4453096	-2.4457364	560000	1.5497208e-09	17.21761	-0.00016494286	-0.03709984	1.4381112	0.0021085646	0.0055	79.0	292.6113278865814
140	-49.866745	22.504484	-21.658367	-84.219795	1000.0	-2.6421137	8.077665e-05	-2.6417165	-2.6422987	564000	-2.1457671e-09	21.501469	-0.0038417596	-0.030376434	1.434033	0.0016798412	0.012	79.0	294.6432888507843
141	-64.15497	39.299282	-14.155067	-124.23643	1000.0	-2.819686	5.234697e-05	-2.8194015	-2.8198419	568000	1.0371208e-08	46.854996	-0.0014328117	-0.65226364	1.4557208	0.0015926551	0.00325	79.0	296.6444499492645
142	-60.993454	35.259693	-14.583603	-102.24474	1000.0	-3.6417677	0.0001789073	-3.641197	-3.6427717	572000	-6.198883e-09	33.654354	-0.0026508714	-0.05139923	1.4397932	0.0059068403	0.031	79.0	298.6333899497986
143	-41.624866	24.51649	-12.549456	-73.180855	1000.0	-3.8674634	0.002688981	-3.864602	-3.8831344	576000	-9.536744e-10	17.33657	-0.0032344365	-1.9760418	1.4275526	0.0040377127	0.02225	79.0	300.62799191474915
144	-44.01264	20.638641	-13.896186	-69.84438	1000.0	-2.4640012	0.0126823345	-2.4333782	-2.5239058	580000	2.7418137e-09	18.412062	-0.0029007974	-0.085393906	1.4549243	0.0018189499	0.018	79.0	302.6155230998993
145	-46.013103	50.490402	-13.799741	-133.3522	1000.0	-2.532532	0.03277851	-2.503027	-2.7071834	584000	4.8279762e-09	49.804344	-0.002786717	-0.83449936	1.4811095	0.0018122277	0.012	79.0	304.60932183265686
146	-54.013557	41.868183	-11.656017	-118.34359	1000.0	-2.93422	0.034822155	-2.9093614	-3.2127512	588000	8.225441e-09	45.16651	-0.0027548873	-0.097415924	1.5051652	0.0011933913	0.005	79.0	307.0976707935333
147	-40.88287	16.527203	-23.52769	-64.24446	1000.0	-3.1886728	0.0033336158	-3.1862323	-3.2136705	592000	7.390976e-09	12.936715	-0.0034061463	-0.18348598	1.4896554	0.0028548865	0.01	79.0	310.4421639442444
148	-54.4748	20.450588	-28.627586	-83.71325	1000.0	-2.7628195	0.007879833	-2.7613528	-2.8416784	596000	-9.6559525e-09	26.99045	-0.0017967967	-0.31010628	1.4991298	0.0020567996	0.0055	79.0	312.8986659049988
149	-48.003838	39.330936	-18.43322	-114.27453	1000.0	-3.0265787	0.0940075	-2.9940848	-3.4903843	600000	1.5974045e-08	19.873816	-0.0012430222	-0.4278698	1.5091211	0.004808905	0.0135	79.0	315.0685968399048
150	-35.428513	32.191715	-15.163153	-91.129196	1000.0	-3.2578897	0.058548246	-3.2345843	-3.9289403	604000	-5.722046e-09	21.675743	-0.0025099595	-1.4554367	1.5138595	0.0031343391	0.0115	79.0	317.16648173332214
151	-38.345383	15.838267	-19.951036	-59.49239	1000.0	-2.3337088	0.13872933	-2.2885222	-3.021318	608000	-1.9550324e-08	6.6212363	-0.0027416297	-0.13301754	1.5196153	0.002019912	0.0065	79.0	319.264399766922
152	-71.96816	26.001463	-45.267323	-115.02121	1000.0	-2.3333719	0.1913145	-2.2517412	-3.132132	612000	-1.0251999e-08	44.129574	-0.0029676862	-4.247967	1.5340798	0.0027950322	0.032	79.0	321.3398950099945
153	-48.795204	18.165018	-22.378012	-67.16986	1000.0	-3.6831467	0.26417103	-3.5914874	-5.0637197	616000	1.6212464e-08	11.834568	-0.004245766	-0.5871458	1.5562879	0.0025808122	0.0115	79.0	323.32873797416687
154	-83.43091	36.99151	-27.132172	-130.38171	1000.0	-3.3381505	0.36932513	-3.1303275	-4.6266785	620000	1.6450882e-08	54.72721	-0.0016259063	-5.6754303	1.5710899	0.002135584	0.01025	79.0	325.32307505607605
155	-73.16993	36.66506	-34.250813	-133.38054	1000.0	-4.968372	0.4724564	-4.7906947	-6.7729692	624000	4.2915342e-09	36.444813	-0.0020541006	-3.6935616	1.6013368	0.003814436	0.0125	79.0	327.33415699005127
156	-68.4594	16.074446	-53.981102	-95.383766	1000.0	-5.6983294	0.7473407	-5.1513743	-7.5655046	628000	1.4781952e-08	19.839186	-0.002732626	-1.3578472	1.596468	0.004304305	0.02675	79.0	329.3928349018097
157	-26.107178	8.808452	-13.1226015	-37.870678	1000.0	-4.8393545	0.5244475	-4.60811	-7.360489	632000	4.768372e-10	8.312319	-0.0026405056	-6.5365076	1.6035483	0.0048198574	0.03	79.0	331.4154739379883
158	-90.65845	35.052387	-62.020092	-148.52411	1000.0	-2.852329	0.97858894	-2.160541	-5.2188797	636000	1.26361845e-08	59.08557	-0.0012179803	-11.268608	1.5956857	0.002396161	0.00925	79.0	333.4068899154663
159	-43.612206	12.674775	-34.7442	-65.49989	1000.0	-5.5384297	0.84892946	-5.2632027	-9.182731	640000	2.3961068e-08	14.230075	-0.0035084116	-7.168547	1.5892607	0.0017475996	0.02925	79.0	335.44165301322937
160	-55.69937	41.07584	-19.924065	-122.88695	1000.0	-2.8035085	0.52854824	-2.6500125	-5.3666673	644000	1.502037e-08	35.71381	-0.0031107948	-1.4251633	1.5902195	0.002718665	0.01225	79.0	337.46847200393677
161	-48.722282	20.5028	-18.809587	-70.23911	1000.0	-3.3154404	0.81446624	-3.0774446	-7.6007304	648000	1.4781952e-08	12.354703	-0.0041536693	-0.72086525	1.6206187	0.002406322	0.05425	79.0	339.5115189552307
162	-45.107903	27.121826	-15.960503	-86.830376	1000.0	-2.8279114	0.9594269	-2.4464424	-7.0813427	652000	-9.298325e-09	8.158734	-0.0015123489	-0.8183212	1.6310822	0.003085597	0.032	79.0	341.52449202537537
163	-49.390793	24.888199	-22.512825	-84.67024	1000.0	-3.1448567	1.3214217	-2.3476143	-7.2587132	656000	5.9604646e-09	9.716613	-0.0018864849	-0.664937	1.6280614	0.0027963696	0.0145	79.0	343.51291394233704
164	-59.926117	26.551022	-19.787014	-86.86458	1000.0	-3.3820047	1.4210523	-2.730449	-8.01922	660000	0.0	17.513916	-0.0022342838	-1.1905155	1.643051	0.003679851	0.03075	79.0	345.5519127845764
165	-52.12688	22.502827	-16.402622	-78.2667	1000.0	-3.4106193	1.2233	-3.0242195	-8.98691	664000	1.1920929e-09	13.638823	-0.0012699976	-0.6014681	1.6286638	0.0022819834	0.01275	79.0	347.5463800430298
166	-38.548027	18.782625	-19.267529	-64.557655	1000.0	-2.8092992	0.98414916	-2.5596042	-8.829068	668000	9.536744e-10	6.324322	-0.0031462898	-0.4641595	1.6341811	0.0019248276	0.01625	79.0	349.61962389945984
167	-35.96762	5.3491516	-30.103374	-44.677086	1000.0	-2.2886794	1.149855	-1.9610096	-8.22542	672000	-4.529953e-09	1.94382	-0.0026551178	-0.32227504	1.6486721	0.0063766483	0.0445	79.0	351.6204180717468
168	-28.427616	9.689823	-14.286923	-41.637955	1000.0	-2.2929971	1.0558752	-1.9023596	-8.182117	676000	-7.152557e-09	1.9146539	-0.0026888908	-0.24994838	1.6292084	0.0025205098	0.03375	79.0	353.6099886894226
169	-30.051662	18.270657	-12.555563	-58.978798	1000.0	-1.7990533	0.966963	-1.5534806	-8.116825	680000	-3.0994416e-09	4.872477	-0.0010416467	-0.095243454	1.5894244	0.0029246835	0.0075	79.0	355.64756298065186
170	-34.662224	16.127096	-15.510534	-60.134766	1000.0	-1.8391855	1.098606	-1.5426286	-8.168062	684000	7.390976e-09	2.4699726	-0.0015808324	-0.38227057	1.5978682	0.0047160746	0.0245	79.0	357.6892468929291
171	-31.219234	10.48463	-14.591673	-43.359352	1000.0	-2.1969376	1.1995548	-1.8135874	-8.525152	688000	-1.6450882e-08	2.1757472	-0.0012935248	-0.30610168	1.5920295	0.0021118834	0.0145	79.0	360.0077908039093
172	-42.4246	12.824189	-21.622744	-55.740704	1000.0	-1.7477664	1.1988459	-1.3078653	-8.203007	692000	-1.45435335e-08	6.675766	-0.010299521	-0.6436806	1.6032821	0.007153472	0.05125	79.0	362.1476137638092
173	-27.159882	16.280489	-10.5280905	-50.234737	1000.0	-2.1821344	0.81510484	-1.9898847	-6.4958496	696000	-2.9802323e-09	3.5439856	-0.0020917328	-0.38230443	1.6299403	0.0024185334	0.00975	79.0	364.1617708206177
174	-36.21058	20.998299	-12.870521	-61.889534	1000.0	-1.7817045	1.2588893	-1.4590665	-8.456207	700000	4.053116e-09	5.4661283	-0.0039188582	-0.2742815	1.5974579	0.0025370652	0.01675	79.0	366.22720098495483
175	-51.947903	28.323542	-18.152603	-91.81729	1000.0	-1.9295774	1.3699553	-1.4290274	-8.769228	704000	1.525879e-08	17.106981	-0.0028522522	-0.93182755	1.5843736	0.0024250918	0.02975	79.0	368.24324679374695
176	-34.7554	11.476476	-20.00564	-52.09378	1000.0	-2.4640217	1.3031107	-2.1204927	-9.861234	708000	-1.525879e-08	2.1554043	-0.0016792557	-0.1676786	1.5946496	0.01871209	0.234	4.0	370.05948281288147
177	-46.985714	16.548904	-26.579287	-72.695786	1000.0	-2.2641587	1.1955475	-1.9117765	-6.939159	712000	-5.9604646e-09	9.184916	-0.0026234265	-0.42185688	1.5949112	0.0025075853	0.021	79.0	372.1296308040619
178	-27.801655	7.91273	-19.799152	-40.94514	1000.0	-2.33015	1.1768382	-2.0312274	-9.880497	716000	-1.0967255e-08	1.3559579	-0.0008569876	-0.4146536	1.6081618	0.015039524	0.1465	6.0	373.901891708374
179	-27.27367	18.036861	-14.360825	-58.39502	1000.0	-1.8507006	1.1427532	-1.4162436	-9.447363	720000	1.0967255e-08	2.3233404	-0.0031288576	-0.1219089	1.6089385	0.005801691	0.085	79.0	375.9100339412689
180	-33.73665	20.354488	-16.00468	-66.80375	1000.0	-1.9997792	1.2981557	-1.6034701	-9.825415	724000	-1.6689301e-09	4.4517994	-0.0028074053	-0.17781687	1.5782667	0.00028850193	0.011	79.0	378.1616208553314
181	-37.134697	18.088839	-21.590324	-66.91615	1000.0	-2.2707534	1.7081426	-1.7109202	-10.234504	728000	5.4836273e-09	3.7265418	-0.0018825183	-0.21009421	1.588672	0.00013791308	0.00275	79.0	380.15564799308777
182	-40.28924	31.740778	-9.517964	-89.57427	1000.0	-2.0419676	1.6727804	-1.5624521	-10.406691	732000	-3.0994416e-09	11.045482	-0.0032076687	-0.539999	1.5792295	0.0038977233	0.02175	79.0	382.194237947464
183	-40.392395	17.944105	-27.654165	-71.32084	1000.0	-2.291955	1.7080563	-1.6762134	-10.862587	736000	1.1920929e-08	7.54791	-0.0009658803	-0.6630235	1.5703771	-0.00046530826	0.0065	79.0	384.2662959098816
184	-24.283455	8.806753	-16.17382	-39.09486	1000.0	-2.046054	1.3808374	-1.5162437	-10.651284	740000	2.026558e-09	0.8040139	-0.0048623555	-0.15735716	1.5414563	0.0024839065	0.018	79.0	386.3007297515869
185	-37.73144	20.021954	-10.642718	-65.11288	1000.0	-1.8101542	1.5070304	-1.3423195	-10.703952	744000	-9.536744e-10	6.759946	-0.0019996616	-0.35709095	1.5297984	0.00062410784	0.0045	79.0	388.3688397407532
186	-22.328133	16.84105	-11.418924	-51.442364	1000.0	-1.7236886	1.1701326	-1.4390205	-11.020059	748000	-2.3722649e-08	1.9544067	-0.001760591	-0.4697224	1.5340226	0.0036789083	0.0505	79.0	390.42147994041443
187	-34.54623	19.965008	-9.365312	-62.92593	1000.0	-1.4288383	1.2871568	-1.0790615	-7.2669578	752000	-1.3351441e-08	6.3579755	-0.002419584	-0.33453798	1.5270613	0.0006108549	0.006	79.0	392.4676048755646
188	-51.422512	13.35114	-29.074644	-62.556522	1000.0	-1.9280514	2.0390959	-1.3461754	-11.08973	756000	5.00679e-09	9.27016	-0.00063746236	-0.49524212	1.5426912	0.0005569384	0.0035	79.0	394.50584602355957
189	-16.46665	5.361189	-9.341465	-22.404358	1000.0	-1.8377693	1.1542928	-1.6217419	-11.313478	760000	-8.130073e-08	0.6752063	-0.0028149658	-0.58512163	1.5265448	0.0014116046	0.01525	79.0	396.5768368244171
190	-21.730516	10.055674	-7.3063374	-31.851862	1000.0	-1.1741533	1.2727178	-0.89703876	-10.894571	764000	-6.9141386e-09	0.4672343	-0.0042796684	-0.03490159	1.5021837	0.002188289	0.008	79.0	398.65160489082336
191	-18.764694	10.810237	-7.6053486	-30.47596	1000.0	-1.0442129	1.0833435	-0.83814335	-11.042395	768000	0.0	0.39151123	-0.0020107888	-0.013621867	1.5029562	0.0009929012	0.01025	79.0	400.68465995788574
192	-22.800179	12.234868	-6.0433607	-40.282257	1000.0	-1.1118758	1.5116196	-0.75954705	-10.852283	772000	0.0	1.153334	-0.0019458898	-0.066357374	1.4778645	0.0009976755	0.0035	79.0	402.7335398197174
193	-21.289314	12.60659	-7.614429	-35.15804	1000.0	-1.064578	1.4449536	-0.79999685	-11.05765	776000	1.1920929e-09	0.5115192	-0.001564765	-0.029147238	1.484522	0.0066607725	0.03675	79.0	405.16248083114624
194	-39.496696	11.507392	-27.982702	-53.935474	1000.0	-1.2608707	1.8086646	-0.7905282	-11.186056	780000	-8.5830685e-09	4.33244	-0.00054492475	-0.23873472	1.4668323	0.01727795	0.25075	4.0	407.7596628665924
195	-30.590134	18.06296	-9.454328	-49.126644	1000.0	-1.3285035	1.1681844	-1.0871583	-8.298245	784000	-4.529953e-09	3.48486	-0.0032173619	-0.17277026	1.4661669	0.015068105	0.13925	79.0	410.011029958725
196	-24.140928	23.988558	-8.036022	-65.56089	1000.0	-1.4844038	1.0766023	-1.2685843	-8.777038	788000	5.6028364e-09	5.4516597	-0.001697805	-0.2609334	1.4189532	0.018005429	0.209	3.0	411.8708727359772
197	-23.60892	5.2979712	-18.254076	-30.204378	1000.0	-1.2934512	1.4810514	-0.9534055	-11.513945	792000	1.1444092e-08	0.15620916	-0.0038511432	-0.067169696	1.417455	0.006456893	0.06125	79.0	414.00069785118103
198	-28.482874	15.0765505	-7.256182	-46.545475	1000.0	-1.4422592	1.5629821	-1.1340387	-11.819282	796000	-7.629395e-09	1.5015153	-0.002579762	-0.16122258	1.3905371	0.0022876977	0.03225	79.0	416.1033799648285
199	-20.475151	12.483525	-5.5590854	-33.860737	1000.0	-1.1115427	1.2399682	-0.88626474	-11.839582	800000	-1.9073487e-09	0.6482662	-0.0021070528	-0.056613624	1.3903706	0.0033470984	0.016	79.0	418.2025318145752
200	-25.541338	16.04751	-8.580179	-45.021023	1000.0	-1.0094312	1.5833468	-0.68210256	-11.739903	804000	-5.2452087e-09	1.2907797	-0.0020321584	-0.08032632	1.349294	0.00041662605	0.02375	79.0	420.349821805954
201	-11.630897	1.5053102	-9.214155	-12.917173	1000.0	-0.8870894	0.5966379	-0.7621709	-5.8037624	808000	5.00679e-09	0.08141363	-0.0033320696	-0.038949896	1.334285	0.0047247675	0.027	79.0	422.45447969436646
202	-24.113245	11.498024	-5.0176167	-33.667725	1000.0	-0.95150554	1.4789382	-0.63367915	-11.990297	812000	1.45435335e-08	0.7597067	-0.0005922804	-0.030463457	1.2865418	0.015808959	0.26925	4.0	424.28010082244873
203	-36.53285	17.130308	-15.974065	-62.667202	1000.0	-1.197377	2.0123718	-0.70730025	-12.118827	816000	-1.1444092e-08	2.8466082	-0.0009423804	-0.49750495	1.2852334	0.004213568	0.05675	79.0	426.32663083076477
204	-26.317945	21.474844	-8.651227	-63.059814	1000.0	-1.5994524	1.207922	-1.338405	-9.373065	820000	-6.7949295e-09	4.927045	-0.0023373144	-0.27132845	1.2733829	0.0040539466	0.04525	79.0	428.40757608413696
205	-20.086466	10.7924385	-4.7764826	-34.642227	1000.0	-1.2949609	1.6316595	-0.9737387	-12.810484	824000	1.07288365e-08	0.44466633	-0.0016223127	-0.15492412	1.2640992	0.004582305	0.039	79.0	430.49139285087585
206	-17.79086	4.6473494	-10.150946	-22.333775	1000.0	-0.8933136	1.2557442	-0.6251646	-11.246866	828000	-1.1920929e-08	0.12021219	-0.0015528639	-0.017550692	1.2554189	0.015983544	0.23175	3.0	432.28656578063965
207	-18.871454	14.895383	-4.772509	-40.678722	1000.0	-0.76010704	1.4611839	-0.51085967	-12.475437	832000	5.00679e-09	0.5605288	-0.0027220766	-0.042120516	1.2549468	0.015179483	0.2455	5.0	434.06475377082825
208	-21.743843	17.264866	-4.323225	-44.006508	1000.0	-0.85304755	1.5478652	-0.5564048	-12.653529	836000	3.0994416e-09	1.589176	-0.01074009	-0.053551435	1.2545451	0.007101649	0.0315	79.0	436.13340187072754
209	-31.462994	20.47284	-6.1889396	-53.87531	1000.0	-1.0570298	1.8330094	-0.6374465	-12.835057	840000	-1.2397766e-08	3.8579497	-0.0021937012	-0.21352744	1.2694474	0.002173916	0.01225	79.0	438.3899908065796
210	-20.60445	2.4804766	-17.32227	-24.28379	1000.0	-1.1945249	1.491655	-0.846674	-13.292959	844000	1.859665e-08	0.13565712	-0.0012945826	-0.063189544	1.2888404	7.3392555e-05	0.0045	79.0	440.5530059337616
211	-29.791128	9.301164	-19.930777	-44.327866	1000.0	-1.0935093	1.9795457	-0.6274465	-13.259435	848000	-2.3841857e-09	0.8223237	-0.0011821047	-0.046302736	1.2714938	0.0014683016	0.0075	79.0	442.67952489852905
212	-27.098747	15.369149	-4.996735	-46.720547	1000.0	-1.0938904	1.9274496	-0.6757066	-13.533483	852000	-3.5762786e-09	1.392997	-0.0013989884	-0.058702826	1.2625086	0.0001961885	0.002	79.0	444.8240430355072
213	-10.244535	2.4337807	-7.251048	-13.579381	1000.0	-0.7932405	0.6647279	-0.6722114	-6.3308234	856000	2.9683113e-08	0.084887244	-0.002136478	-0.052523777	1.2398573	0.0018305297	0.0095	79.0	446.95060086250305
214	-28.42194	13.768944	-12.502508	-46.63832	1000.0	-0.8327491	1.6217549	-0.4463672	-9.535705	860000	1.3113022e-08	2.25919	-0.001749501	-0.17292547	1.2159356	0.0025712675	0.0125	79.0	449.0639479160309
215	-28.810165	11.786715	-14.362234	-43.37232	1000.0	-1.1458532	1.9285194	-0.67581403	-13.646999	864000	6.9141386e-09	1.4778582	-0.0010996341	-0.10806191	1.2306042	0.00092583266	0.0095	79.0	451.21886587142944
